7.79 1
6.176 -1
8.27 1
8 1
8.16 1
3.737 -1
7 1
8.21 1
7 1
7.92 1
6.955 1
7.22 1
6.11 -1
7 1
4.387 -1
7.113 1
8.21 1
4.04 -1
7.235 1
7.67 1
7.79 1
5.793 -1
8.015 1
7.253 1
4.805 -1
7.647 1
7.213 1
7.42 1
5.365 -1
8.21 1
7.79 1
7.38 1
7.395 1
5.354 -1
6.825 1
7.225 1
7.79 1
7.125 1
7.167 1
1.38 0
1.12 0
6.93 1
6.867 1
7.57 1
7.445 1
7.79 1
2 0
6.24 1
7.115 1
6.65 1
6.07 1
5.819 -1
6.495 -1
6.843 1
7.81 1
6.177 -1
2.92 0
6.566 -1
7.056 1
6.876 1
7.89 1
7.79 1
8.27 1
7.04 1
6.59 1
6.24 1
8.45 1
6.617 1
8.12 1
7.013 1
7 1
7.79 1
7.687 1
7.155 1
7.14 1
7 1
8.45 1
5.973 -1
7.684 1
5.83 -1
6.957 -1
7.76 1
7.79 1
2.92 0
1.76 0
8.03 1
4.625 -1
7.76 1
8.16 1
7.343 1
5.638 -1
7.35 1
7.76 1
7.585 1
4.86 -1
7.79 1
6.935 -1
8.16 1
5.46 -1
8.27 1
8.27 1
6.901 1
7.79 1
8.315 1
8.07 1
7.79 1
6.097 -1
7.657 1
6.46 1
8.27 1
6.05 -1
8.03 1
8.27 1
5.474 -1
7.92 1
8.27 1
8.45 1
5.386 -1
7.76 1
7.79 1
6.88 1
7.79 1
7.81 1
4.485 -1
1.44 0
6.09 -1
7 1
7.79 1
6.93 1
0.76 0
6.294 -1
4.43 -1
4.64 -1
7.24 1
7.02 1
4.31 -1
5.891 -1
6.993 1
5.91 -1
8.27 1
6.525 -1
7.166 1
7.064 -1
7.79 1
0.84 0
7.79 1
8.022 1
8.27 1
8.03 1
6.59 -1
6.497 -1
6.795 1
7.077 1
6.85 1
7.79 1
2.92 0
7.3 1
7.79 1
6.715 1
6.818 1
7.294 1
4.665 -1
7.36 1
5.871 -1
7.995 1
8.27 1
6.879 -1
7.92 1
6.542 -1
6.88 1
7.002 -1
7.345 1
7.407 1
4.328 -1
7.955 1
7.203 1
7.79 1
5.11 -1
7.89 1
6.96 1
8.21 1
8.27 1
5.96 -1
8.27 1
7.75 1
7.58 1
8.21 1
6.11 1
7.79 1
8.57 1
8.24 1
7.207 1
8.17 1
5.713 -1
7.91 1
6.442 -1
7.195 1
6.293 1
7.213 1
7.245 1
8.27 1
4.12 -1
8.16 1
8.16 1
6.378 -1
4.918 -1
6.16 1
4.88 -1
7.81 1
7.6 1
7.79 1
7.59 1
8.57 1
7.82 1
7.92 1
8.27 1
7.92 1
1.335 0
6.034 -1
7.725 1
4.407 -1
7.837 1
4.49 -1
6.95 1
6.641 1
6.93 1
8.055 1
7.76 1
5.315 -1
3.38 -1
7.195 1
7.595 1
7.79 1
8.12 1
7.22 1
5.355 -1
7.92 1
7 1
7.263 1
2.34 0
6.213 -1
7.69 1
6.905 1
2.54 0
6.328 -1
6.373 1
7.325 1
5.857 -1
1.275 0
7 1
7.085 1
5.2 1
6.6 1
7.08 1
6.053 -1
7.79 1
7.79 1
8.27 1
2.52 0
7.79 1
8.055 1
4.565 -1
8.21 1
5.34 -1
8.16 1
4.78 -1
5.23 -1
4.933 -1
5.87 -1
6.233 -1
6.68 1
7.78 1
4.133 -1
8.27 1
7.775 1
6.064 -1
7.81 1
8.16 1
8.27 1
8.12 1
7.79 1
5.2 1
7.733 1
8.16 1
2.92 0
5.37 -1
6.994 1
6.641 -1
5.314 -1
7.203 1
8.27 1
8.16 1
7.79 1
4.785 -1
6.62 -1
6.935 1
6.65 1
8.27 1
8.27 1
1.21 0
7.267 1
8.03 1
7.522 1
6.711 -1
7.36 1
8.45 1
7.08 1
8.13 1
8.16 1
6.37 1
3.567 -1
7.22 1
8.57 1
7 1
6.825 1
7.025 1
5.793 -1
7.76 1
6.911 -1
7.79 1
2.44 0
7.457 1
7.545 1
4.72 -1
7.81 1
6.76 1
6.93 1
6.715 -1
6.04 -1
8.27 1
5.315 -1
3.587 -1
7.79 1
7.79 1
8.21 1
8.03 1
8.27 1
7 1
7.17 1
7.79 1
8.12 1
7.89 1
5.813 -1
1.15 0
3.584 -1
7.79 1
5.481 -1
7.36 1
7 1
7.79 1
7.79 1
5.685 -1
2.27 0
7.4 1
6.39 -1
7.22 1
7.483 1
6.757 1
7.295 1
7.79 1
5.323 -1
6.46 -1
6.965 1
8.45 1
5.413 -1
7.95 1
7.116 -1
8.27 1
5.532 -1
3.47 0
6.612 -1
7.79 1
2.2 0
7.79 1
7.81 1
7.76 1
8.27 1
4.95 -1
6.24 1
8.45 1
6.95 1
7.51 1
8.27 1
7.86 1
6.78 -1
7.97 1
3.36 -1
5.288 -1
2.18 0
5.897 -1
7.79 1
7.857 1
5.46 -1
7.635 1
7.79 1
7.52 1
8.12 1
4.555 -1
7.093 1
4.937 -1
8.27 1
7.76 1
7.79 1
8.27 1
6.56 1
4.22 -1
7.28 1
7.79 1
7.79 1
7.79 1
7.92 1
7.79 1
6.943 1
7.79 1
7.21 1
7.79 1
8.27 1
5.607 -1
7.81 1
2.43 0
7.76 1
6.993 -1
1.76 0
7.474 1
7 1
8.27 1
7.427 1
7.79 1
4.555 -1
7.6 1
8.16 1
1.12 0
7.79 1
8.195 1
7.4 1
8.27 1
5.6 1
8.27 1
8.45 1
7.79 1
6.226 -1
8.27 1
7.58 1
7.68 1
5.345 -1
4.13 0
6.96 1
7.79 1
6.913 1
6.65 1
7.76 1
7.79 1
8.27 1
8.45 1
7 1
5.197 -1
7.68 1
7 1
2.978 -1
0.99 0
7.152 1
7.28 1
1.3 0
3.915 -1
7.79 1
6.967 1
7 1
4.33 -1
1.12 0
7.92 1
8.27 1
8.12 1
7.32 1
6.098 -1
7.79 1
8.27 1
7.92 1
8.45 1
3.751 -1
7.79 1
8.24 1
7.79 1
7.79 1
4.643 -1
7.95 1
7.545 1
7.79 1
7.79 1
5.303 -1
7.59 1
6.93 1
7.053 1
7.085 1
7.46 1
7.76 1
8.03 1
6.78 1
7.525 1
7.192 1
8.27 1
7.638 1
7.18 1
5.6 1
7 1
7.79 1
7.41 1
1.26 0
7.79 1
7.41 1
7.862 1
7.418 1
5.273 -1
7.782 1
6.79 1
7.25 1
8.27 1
6.65 1
6.93 1
7.34 1
7.57 1
8.27 1
7.975 1
7.76 1
5.432 -1
7.875 1
7.485 1
8.36 1
7.79 1
7.209 1
7.79 1
6.097 -1
3.47 0
7.79 1
3.833 -1
7 1
7.79 1
6.366 -1
7.123 1
7.57 1
8.27 1
8.03 1
7.22 1
7.79 1
7 1
7.69 1
8.27 1
7.89 1
7.623 1
7.4 1
7 1
7.795 1
7.505 1
7.79 1
6.907 -1
6.955 1
6.93 1
5.955 -1
8.27 1
6.925 1
8.03 1
5.38 -1
7 1
7.65 1
6.268 -1
6.93 1
6.063 -1
8.45 1
7.02 1
7.32 1
7.64 1
5.77 -1
7.36 1
7.25 1
7.345 1
8.16 1
7.79 1
7.79 1
7.345 1
7.79 1
7.22 1
7.46 1
4.785 -1
7.59 1
7.92 1
7.76 1
7.79 1
7.79 1
7.81 1
6.864 -1
7.6 1
8.27 1
7.635 1
8.27 1
5.555 -1
5.57 -1
7 1
7.79 1
7.117 1
2 0
2 0
5.655 -1
7.84 1
7.79 1
2.16 0
7.113 1
7.605 1
5.225 -1
7.79 1
7.69 1
5.325 -1
7.92 1
7.92 1
7.3 1
7.22 1
5.615 -1
7.79 1
7.32 1
8.21 1
7.79 1
6.647 1
2.84 0
7.257 1
7.35 1
7.838 1
7.79 1
7.725 1
7.855 1
8.21 1
7.79 1
7.79 1
6.845 1
8.27 1
7 1
7.775 1
8.05 1
8.12 1
7.975 1
7.76 1
7.92 1
7.233 1
8.16 1
7.22 1
7.03 1
8.16 1
6.77 1
7.57 1
6.8 1
7.458 1
1.44 0
7.66 1
7.56 1
7.36 1
5.6 1
7 1
8.21 1
7.43 1
8 1
7.523 1
8.27 1
7.955 1
8.16 1
7.84 1
1.6 0
7.522 1
8.27 1
2.57 0
8.21 1
6.65 1
2.91 -1
6.59 1
7.79 1
7.72 1
3.04 0
8.24 1
8.1 1
2.92 0
8.022 1
5.997 -1
7 1
7.79 1
7.79 1
6.76 1
6.773 1
8.21 1
7.375 1
8.16 1
7 1
7.02 1
7.03 1
7.79 1
5.66 -1
8.015 1
7.57 1
5.19 -1
4.265 -1
7.59 1
7.775 1
8.27 1
6.705 1
6.4 1
6.8 1
8.16 1
7.347 1
7.307 1
7.34 1
6.93 1
7 1
7.92 1
7.79 1
7.79 1
7.585 1
6.225 -1
7.79 1
6.114 -1
7.522 1
6.445 -1
8.36 1
7.995 1
6.58 1
8.01 1
7.79 1
3 0
6.388 -1
8.27 1
8.16 1
7.79 1
8.27 1
1.44 0
8 1
5.848 -1
1.885 0
4.855 -1
6.693 -1
3.59 -1
7.298 1
6.6 1
6.49 1
8.03 1
8.15 1
4.145 -1
7.72 1
6.11 1
7.79 1
5.903 -1
7.97 1
7.06 1
7.84 1
7.19 1
7.135 1
7.79 1
6.627 1
1.575 0
7.84 1
7.185 1
7.79 1
8.27 1
7.92 1
7.81 1
7.8 1
8.21 1
6.229 -1
7.4 1
7.89 1
7.8 1
6.758 -1
6.65 1
8.27 1
1.71 0
8.46 1
8.27 1
7 1
1.53 0
6.553 1
7.79 1
8.27 1
8.18 1
8.45 1
7.22 1
8.27 1
7.678 1
7.79 1
1.12 0
6.767 1
7.19 1
6.04 -1
7.76 1
8.16 1
2.92 0
4.03 -1
3.247 -1
2.92 0
7 1
8.16 1
7 1
7.553 1
7.715 1
7.79 1
7.79 1
7 1
8.57 1
7.89 1
6.588 1
7.79 1
7.44 1
8.03 1
7.79 1
5.412 -1
7.025 1
8.27 1
6.38 1
8.03 1
8.16 1
7.598 1
7.89 1
7 1
8.065 1
7.2 1
4.51 -1
7 1
7.23 1
4.093 -1
7.79 1
7.79 1
7.295 1
7 1
7.877 1
8.45 1
7.79 1
7.78 1
8.16 1
7.24 1
1.26 0
7.79 1
7.346 1
7.067 1
8.45 1
5.38 -1
5.203 -1
6.787 -1
0.74 0
7.84 1
8.16 1
2.24 0
7.155 1
4.03 -1
5.925 1
6.692 -1
2.36 0
7.88 1
7.722 1
7.163 1
7.4 1
7.772 1
8.27 1
7.79 1
2.292 -1
7.81 1
7.79 1
7.487 1
7.705 1
7.57 1
8 1
7.92 1
8.27 1
7.087 1
8.21 1
4.36 0
8.03 1
8.27 1
7.79 1
3.942 -1
7.212 1
7.09 1
7.79 1
1.633 0
7.73 1
8.27 1
2.84 0
8.45 1
2.46 0
8.27 1
7.635 1
7.257 1
5.2 1
7.81 1
7.79 1
8.27 1
7.415 1
7.483 1
7.76 1
6.973 1
6.405 1
7.28 1
6.411 -1
7.79 1
3.937 -1
7.76 1
6.214 -1
8.09 1
3.78 0
8.57 1
3.787 -1
7.404 1
7.123 1
8.27 1
6.482 -1
8.27 1
7.44 1
1.12 0
7.79 1
7.325 1
7.89 1
6.765 1
7.81 1
7.395 1
7.81 1
7.85 1
8.27 1
6.045 1
7.79 1
7.69 1
6.88 1
7.19 1
8.45 1
7.608 1
2 0
1.145 0
7.92 1
7.635 1
7.61 1
7.81 1
8.21 1
2.88 0
7.41 1
7.147 1
3.928 -1
7.97 1
7.76 1
7.68 1
7.79 1
6.013 -1
7.46 1
8.45 1
8.27 1
6.947 1
7 1
8.19 1
8.03 1
7.79 1
7.59 1
7.79 1
5.2 1
7.89 1
4.688 -1
7.247 1
1.12 0
6.957 1
7 1
8.12 1
8.57 1
6.93 1
8.27 1
7.095 1
7 1
8.04 1
2.84 0
8.14 1
7.92 1
7.79 1
7.79 1
4.025 -1
6.81 1
8.45 1
6.93 1
6.93 1
6.65 1
7.89 1
5.077 -1
8.45 1
7.785 1
7.79 1
7.795 1
7.89 1
7.429 1
7.445 1
8.21 1
7.49 1
8.03 1
7.76 1
6.975 1
8.03 1
0.83 0
8.45 1
7.79 1
8 1
6.935 -1
7.55 1
4.457 -1
7.435 1
7 1
8.03 1
7.79 1
6.437 -1
6.874 -1
4.535 -1
8.45 1
7.89 1
8.27 1
8.215 1
7.395 1
7.388 1
5.493 -1
6.65 1
7.72 1
7.79 1
6.346 -1
6.974 1
8.45 1
8.27 1
7.92 1
8.45 1
7.527 1
7.79 1
8.09 1
8.08 1
8.21 1
7.79 1
6.472 -1
7.978 1
2.16 0
7.79 1
7.292 1
7 1
8.18 1
8.45 1
6.935 1
8.305 1
7.755 1
5.797 -1
6.921 -1
8.27 1
6.92 1
7.43 1
1.19 0
7.755 1
7.5 1
7.52 1
8.08 1
7.085 1
7.12 1
7.275 1
7.68 1
7.79 1
6.476 -1
7.69 1
8.215 1
8.21 1
7.337 1
8.16 1
6.59 1
7.81 1
7.76 1
6.3 1
5.257 -1
2.92 0
6.8 1
1.895 0
7.57 1
7.81 1
8.21 1
7.983 1
6.93 1
7.84 1
0.198 -1
2.93 0
1.07 0
7.29 1
2.92 0
7.46 1
6.969 -1
7.503 1
7 1
7.965 1
8.27 1
1.12 0
7.79 1
8.03 1
7.137 1
7.69 1
7.965 1
6.59 1
7.79 1
7.79 1
5.96 -1
7.79 1
1.67 0
6.56 1
6.902 1
2.44 0
7 1
6.655 1
0.84 0
7.593 1
6.395 1
6.67 1
8.27 1
6.65 1
7.405 1
5.334 -1
6.657 -1
7.337 1
7 1
4.83 -1
6.93 1
7.79 1
8.45 1
5.25 -1
8.36 1
2.92 0
7.633 1
5.2 1
3.41 -1
7.79 1
7.79 1
3.21 0
5.623 -1
7.64 1
7.013 1
8.45 1
6.65 1
8.27 1
8.45 1
8.14 1
7.79 1
7.79 1
4.475 -1
6.824 1
8.16 1
7.216 1
8.27 1
7.423 1
6.93 1
5.94 -1
6.68 1
7.79 1
8.45 1
8.27 1
6.76 1
7.4 1
8.27 1
6.598 -1
5.3 -1
8.21 1
8.27 1
7.79 1
7.86 1
7.775 1
7.532 1
6.93 1
7.193 1
7.245 1
7.79 1
7.925 1
3.515 0
5.833 -1
4.32 0
5.477 -1
7.79 1
7.79 1
3.893 -1
6.93 1
7.79 1
8.21 1
7.41 1
8.27 1
7.775 1
6.59 1
2 0
5.595 -1
7 1
6.067 -1
8.27 1
4.12 -1
7.76 1
6.96 1
8.09 1
7.59 1
7.395 1
8.12 1
4.844 -1
7.777 1
7.76 1
8.45 1
7.648 1
7.79 1
7.42 1
7.14 1
7.79 1
7.51 1
7 1
5.627 -1
8.165 1
7.05 1
7.723 1
7.282 1
7.79 1
8.16 1
7.76 1
7.76 1
4.698 -1
8.015 1
7.57 1
8.27 1
8.12 1
8.42 1
7.79 1
7 1
7.79 1
7.81 1
8.16 1
8.36 1
4.455 -1
6.96 1
7.79 1
7.79 1
6.333 1
6.98 1
7.79 1
7.79 1
7.43 1
7.1 1
7.92 1
7.81 1
8.27 1
8.132 1
6.765 1
7.79 1
7 1
7.79 1
7.79 1
7.3 1
7.545 1
7.89 1
7 1
7.84 1
7.348 1
8.245 1
6.243 -1
2.84 0
7.34 1
7.79 1
8.21 1
7.81 1
7.967 1
6.8 1
7.34 1
7 1
3.507 -1
7.68 1
6.65 1
6.65 1
7.815 1
8.27 1
7.46 1
6.265 1
6.935 1
7.59 1
6.43 1
5.533 -1
2.92 0
8.14 1
6.56 1
7 1
7.335 1
8.185 1
8.16 1
8.45 1
8.27 1
7.192 1
8.45 1
7.635 1
8.313 1
7.76 1
7.76 1
7 1
7.473 1
3.57 -1
8.21 1
8.45 1
7.425 1
7.132 1
7.76 1
7.79 1
7.79 1
7.02 1
2.92 0
7.79 1
8.27 1
5.024 -1
7.662 1
7.4 1
6.93 1
7.81 1
7.615 1
5.6 1
6.973 1
7.36 1
7.475 1
4.383 -1
7.517 1
6.965 1
8.27 1
7.79 1
7.375 1
8.45 1
7.09 1
3.47 0
4.81 -1
7.975 1
7.975 1
7.72 1
5.901 -1
6.95 1
7.76 1
7.592 1
8.27 1
7.79 1
4.51 -1
7.91 1
6.76 1
7 1
7.847 1
4.25 -1
6.65 1
7.79 1
6.62 1
7.79 1
7.855 1
8.57 1
3.51 -1
7.89 1
7.79 1
7.79 1
3.6 0
4.4 -1
8.45 1
2.35 0
7.79 1
5.105 -1
7.63 1
7.753 1
7.79 1
7.38 1
7.79 1
7.79 1
7.79 1
4.047 -1
3.47 0
6.93 1
1.487 0
7 1
7.36 1
7.92 1
5.6 1
7.79 1
8.27 1
7.3 1
6.923 1
7.79 1
6.707 -1
6.325 -1
7.6 1
7.57 1
8.27 1
6.125 1
7.335 1
6.495 1
6.407 -1
5.315 -1
4.515 -1
8.17 1
7.79 1
8.16 1
8.27 1
3.835 -1
6.063 -1
7.57 1
6.93 1
7.79 1
8.16 1
7.81 1
7 1
6.2 -1
7 1
8.16 1
5.38 -1
7.81 1
8.27 1
7.22 1
8.205 1
6.987 1
8.27 1
7.79 1
7.79 1
6.179 -1
7.537 1
7.79 1
5.92 -1
7.835 1
8.12 1
3.47 0
7 1
7.81 1
8.27 1
7.79 1
7.4 1
8.27 1
3.47 0
7.377 1
6.287 -1
6.76 1
6.695 1
8.27 1
6.529 -1
7.63 1
7.1 1
6.93 1
6.706 -1
6.416 -1
7.027 1
6.62 -1
7.79 1
7.855 1
7.89 1
7.79 1
7.9 1
2.15 0
7.79 1
4.68 -1
6.795 1
6.52 1
7.635 1
7.088 -1
7.76 1
1.12 0
5.63 -1
6.353 1
7.41 1
8.24 1
8.27 1
6.822 -1
5.33 1
6.65 1
8.27 1
7.79 1
6.781 -1
8.165 1
7.327 1
5.927 -1
7.461 -1
4.365 -1
6.27 1
5.787 -1
6.11 1
7.615 1
8.27 1
7 1
7.38 1
5.325 -1
7.775 1
8.27 1
7.79 1
7.79 1
8.45 1
7.25 1
8.45 1
7.97 1
7.79 1
7.827 1
7.79 1
7.675 1
8.27 1
7.775 1
7.79 1
4.194 -1
7.047 1
4.94 -1
8.27 1
2 0
6.65 1
7.79 1
8.27 1
8.45 1
7.57 1
5.698 -1
7.565 1
7.765 1
8.16 1
7.985 1
6.24 1
6.93 1
2.84 0
7.36 1
6.695 1
8.03 1
7.81 1
7.562 1
7.92 1
6.65 1
7.19 1
7.79 1
7.295 1
7.79 1
5.236 -1
7.42 1
8.16 1
7.41 1
7.76 1
7.73 1
4.49 -1
4.48 -1
7.76 1
8.57 1
8.36 1
3.738 -1
6.52 1
7.395 1
8.45 1
8.36 1
7.57 1
7.57 1
7.79 1
8.27 1
7 1
7.79 1
6.31 1
8.27 1
8.27 1
5.81 1
7.79 1
2.84 0
7.79 1
6.01 -1
8.45 1
7.84 1
7.025 1
7.97 1
7 1
7.322 1
4.06 -1
5.01 -1
8.27 1
7.76 1
5.315 -1
7 1
7.59 1
5.647 -1
6.683 1
5.71 -1
7.285 1
5.63 -1
6.93 1
7.79 1
6.8 1
7.92 1
8.16 1
7.572 1
5.769 -1
7.08 1
7.08 1
7.205 1
7.605 1
7.19 1
7.79 1
8.03 1
7.385 1
6.935 1
8.16 1
8.04 1
2.52 0
7.16 1
6.825 1
7.79 1
7.79 1
7.79 1
7.79 1
5.113 -1
7.556 1
1.145 0
6.765 1
7.6 1
8.27 1
7.79 1
7.89 1
7.855 1
7.359 1
6.274 -1
7.772 1
8.36 1
7.79 1
4.28 -1
6.93 1
7.415 1
7.89 1
8.27 1
8.21 1
8.205 1
0.84 0
7.79 1
7.79 1
8.11 1
7.79 1
7.79 1
7.276 1
7.72 1
5.922 -1
5.59 -1
8.14 1
6.913 -1
8.27 1
8.03 1
7.16 1
7.92 1
2.52 0
8.16 1
7.79 1
6.99 1
7.19 1
7.955 1
8.27 1
8.57 1
5.26 -1
8.27 1
7 1
8.21 1
8.45 1
8.28 1
7.395 1
7.97 1
8.45 1
7 1
7.084 1
5.69 -1
7.79 1
7 1
7.76 1
7.525 1
7 1
4.78 -1
8.16 1
8.27 1
1.48 0
8.14 1
7.375 1
8.03 1
7.877 1
7.442 1
8.03 1
5.595 -1
5.862 -1
8.16 1
5.835 -1
8.08 1
8.27 1
6.292 -1
7.775 1
8.23 1
5.63 -1
7.19 1
7.625 1
7.154 1
8.12 1
7.812 1
5.972 -1
7 1
5.897 -1
7 1
7.775 1
8.27 1
8.27 1
7.76 1
6.8 1
7.79 1
6.935 1
2.92 0
8.12 1
5.503 -1
7.92 1
7.01 1
8.27 1
4.92 -1
4.893 -1
8.27 1
7.88 1
5.888 -1
6.41 -1
8.17 1
7.52 1
7.087 -1
7.405 1
8.27 1
8.27 1
8.025 1
7.444 1
8.42 1
6.35 1
1.46 0
7.47 1
7.84 1
7.6 1
7.46 1
8.17 1
7.701 1
6.2 -1
3.035 -1
7.032 1
7 1
6.077 -1
7.94 1
7.76 1
7.79 1
7.385 1
4.775 -1
7.86 1
1.3 0
7.79 1
8.27 1
8.03 1
7.79 1
7.635 1
6.825 1
6.268 -1
7.693 1
3.98 -1
7.34 1
7.965 1
7.79 1
7.865 1
6.64 1
8.16 1
5.86 1
7.48 1
8.21 1
6.16 1
8.27 1
7.473 1
7.445 1
8.57 1
7.285 1
8.45 1
8.27 1
7.007 -1
7.79 1
8.45 1
7.79 1
4.74 -1
6.672 -1
7.353 1
6.938 1
7.79 1
4.76 -1
7.76 1
7.493 1
7.79 1
7.81 1
7.377 1
7.395 1
7 1
7.328 1
7.023 1
7.787 1
6.93 1
8.27 1
7.855 1
7.008 1
6.112 -1
7.155 1
7.34 1
8.27 1
7.72 1
8.27 1
7.79 1
6.812 -1
7.78 1
5.625 -1
8.45 1
2.36 0
7 1
7.76 1
7.79 1
4.22 -1
6.178 -1
8.27 1
7.55 1
6.65 1
4.32 0
7.74 1
7.665 1
7 1
6.008 -1
7.595 1
4.485 -1
3.04 0
7.79 1
8.11 1
7.79 1
7.39 1
5.55 -1
7.79 1
6.597 -1
7.863 1
7.49 1
7.84 1
7.02 1
8 1
7.275 1
8.45 1
5.605 -1
7.38 1
8.45 1
8.27 1
7.95 1
2 0
7.395 1
8.16 1
8.21 1
7.79 1
8.45 1
7.195 1
8.04 1
7.79 1
4.48 -1
7.731 1
7.76 1
7.23 1
7.226 1
7 1
7.88 1
6.415 1
4.548 -1
8.27 1
7.28 1
0.85 0
7.79 1
4.625 -1
1.5 0
7.438 1
5.633 -1
5.466 -1
5.734 -1
4.64 -1
7.76 1
7.92 1
7.79 1
7.14 1
7.92 1
2.52 0
7.81 1
7.678 1
7.79 1
7.97 1
8.45 1
7.97 1
7.81 1
8.03 1
8.27 1
7.755 1
7.965 1
7.79 1
6.797 1
4.6 -1
7.81 1
7.79 1
5.45 -1
7.023 1
7 1
8.16 1
6.499 1
7.79 1
2.953 -1
6.93 1
7.124 1
6.965 1
7.535 1
6.93 1
7.81 1
7.775 1
7.395 1
7.79 1
7.89 1
7.564 1
6.987 1
7.92 1
2.562 0
5.57 -1
6.11 1
7.79 1
6.62 1
7.855 1
7.105 -1
6.979 1
6.93 1
4.545 -1
7.181 1
7.79 1
6.338 -1
7.79 1
3.47 0
6.93 1
6.773 1
5.387 -1
7.72 1
7.89 1
6.96 1
7.775 1
6.934 1
7.53 1
6.945 1
6.42 1
6.848 -1
5.353 -1
7.725 1
5.74 1
6.95 1
8.04 1
2.54 0
7.28 1
8.45 1
2.055 0
3.853 -1
5.355 -1
8.27 1
7.79 1
8.27 1
8.19 1
6.96 1
8.57 1
8.025 1
4.515 -1
1.26 0
8.27 1
6.8 1
7.72 1
7.098 1
6.4 1
6.314 -1
8.21 1
7.405 1
7.15 1
7.827 1
7.478 1
8.45 1
7 1
6.68 -1
7 1
5.152 -1
5.54 -1
7.557 1
7 1
6.478 -1
7.393 1
7.316 1
7.135 1
6.88 1
7.92 1
7.76 1
7.187 1
7.387 1
8.45 1
7.92 1
7.19 1
7.79 1
7.79 1
6.279 -1
4.745 -1
6.242 -1
7.73 1
3.95 -1
7.445 1
5.67 -1
7.272 1
7.387 1
5.653 -1
6.1 1
8 1
6.942 1
4.868 -1
7.62 1
7.92 1
7 1
7.79 1
7.855 1
7 1
7.445 1
7.79 1
7.69 1
7.755 1
7.975 1
7.279 -1
7.79 1
2.013 0
8.27 1
7.373 1
7.76 1
6.95 1
7.758 1
1.12 0
6.79 1
7.417 1
8.27 1
7.72 1
7 1
7.79 1
5.74 1
6.022 -1
6.93 1
7.57 1
7.88 1
8.27 1
4.957 -1
7.77 1
7.26 1
8.45 1
5.315 -1
7.275 1
4.855 -1
7.76 1
7.79 1
7.668 1
7.413 1
7.81 1
7.89 1
6.018 -1
7.79 1
6.628 -1
7.653 1
6.686 1
7.79 1
7.79 1
3.486 -1
6.573 1
6.52 1
7.81 1
6.695 1
7.92 1
8.16 1
6.93 1
8.24 1
8.57 1
6.93 1
7.03 1
7 1
8.27 1
6.65 1
6.825 1
7.81 1
5.155 -1
8.12 1
7.76 1
7.97 1
7.79 1
8.21 1
5.06 -1
6.84 1
7.79 1
6.65 1
7.79 1
8.27 1
7 1
7.785 1
7.175 1
2.84 0
8.45 1
8.03 1
8.16 1
7.29 1
7.79 1
0.83 0
8.12 1
6.8 1
8.21 1
7 1
5.667 -1
8.27 1
7.89 1
1.63 0
5.6 1
0.221 7
7.387 1
6.474 -1
7.507 1
8.16 1
7.574 1
8.27 1
7.375 1
5.075 -1
7.287 1
8.12 1
7.189 -1
5.077 -1
7.29 1
7.92 1
7.72 1
3.301 -1
7.49 1
8.03 1
7.79 1
8.12 1
1.44 0
8.14 1
7.355 1
6.11 1
7.395 1
6.99 1
3.47 0
7.328 1
7.777 1
1.63 0
7.79 1
7.79 1
7.76 1
8.27 1
7.59 1
7.4 1
6.68 1
2.647 0
7.395 1
7.79 1
7.61 1
7.79 1
7.79 1
6.93 1
8.16 1
6.227 -1
1.72 0
6.183 -1
6.68 1
7.18 1
8.27 1
7 1
6.768 1
7.543 1
7.79 1
6.842 -1
7.79 1
7.72 1
7.48 1
6.88 1
1.5 0
6.96 1
7.215 1
8.04 1
8.04 1
7.58 1
7.92 1
6.075 1
8.45 1
6.795 1
8.27 1
7.79 1
7.92 1
6.579 -1
5.463 -1
7.302 1
7.79 1
6.793 -1
3.86 -1
7.79 1
7.79 1
1.39 0
8.41 1
5.537 -1
7.105 1
4.86 -1
2.92 0
7.89 1
8.14 1
7.188 -1
7.11 1
7.79 1
1.93 0
7.165 1
7.655 1
7.023 -1
7.053 1
7.79 1
6.21 -1
8.015 1
7.824 1
7.287 1
8.185 1
5.633 -1
7.71 1
8.27 1
6.091 -1
6.8 1
7.97 1
7.92 1
7.46 1
7.79 1
7.19 1
5.96 -1
3.47 0
6.31 -1
6.93 1
8.41 1
8.27 1
8.57 1
7.282 1
7.091 1
7.545 1
7.18 1
7.395 1
7.92 1
8.27 1
7.407 1
7.15 1
6.787 1
7.79 1
4.715 -1
5.562 -1
6.39 -1
8.45 1
3.862 -1
7.79 1
2.36 0
7.075 1
6.81 1
8.27 1
6.857 -1
8.16 1
7.136 1
8.17 1
0.83 0
7.79 1
7.79 1
7.197 1
3.67 -1
7.79 1
7.92 1
8.21 1
8.27 1
8.03 1
7.92 1
5.767 -1
7.285 1
7.763 1
8.27 1
7.79 1
7.72 1
8.27 1
3.172 -1
6.68 1
4.475 -1
3.323 -1
8.21 1
1.67 0
7.79 1
8.45 1
7.087 1
7.152 1
7.155 1
7 1
7.445 1
7.79 1
8.27 1
6.837 1
7.89 1
6.653 1
6.97 -1
6.573 1
7.13 1
4.44 -1
8.085 1
7.57 1
8.45 1
7.79 1
7.79 1
8.03 1
7.46 1
2.92 0
6.945 1
7.79 1
6.93 1
7 1
8.12 1
7.6 1
7.045 1
7.265 1
8.45 1
4.335 -1
7.345 1
8.16 1
7.663 1
7.79 1
7.76 1
3.8 -1
7.68 1
5.6 1
8.03 1
1.11 0
7.79 1
7.79 1
5.2 1
7.79 1
7.89 1
7.046 1
6.825 1
8.03 1
6.56 1
8.27 1
2.2 0
4.027 -1
6.65 1
5.2 1
6.93 1
3.88 -1
6.013 -1
6.475 -1
7.79 1
7.803 1
6.487 -1
7.042 1
8.27 1
5.622 -1
5.07 -1
7.79 1
7.79 1
7 1
5.61 -1
7.985 1
6.76 1
7.92 1
8.27 1
7.84 1
7.79 1
7.975 1
8.27 1
5.135 -1
7.81 1
8.27 1
7.79 1
6.232 -1
7.89 1
8.365 1
7.79 1
7.79 1
7.79 1
7.79 1
8.14 1
4.32 0
8 1
7.79 1
8.27 1
7.79 1
8.21 1
7.59 1
2.32 0
6.933 1
8.27 1
7.79 1
7.79 1
6.553 -1
1.76 0
7.775 1
7.333 1
6.96 1
1.63 0
8.21 1
1.63 0
6.074 -1
8.27 1
6.8 1
0.85 0
8.12 1
7 1
7.76 1
6.59 1
7 1
8.27 1
8.27 1
8.45 1
7 1
7 1
7 1
7 1
7.57 1
6.6 1
7.27 1
7.303 1
7.775 1
8.57 1
5.2 1
7.79 1
7.017 1
8.27 1
7.19 1
3.845 -1
7.353 1
7 1
6.417 -1
8.12 1
7.92 1
6.988 -1
7.77 1
8.03 1
8.21 1
8.57 1
7 1
7 1
8.27 1
6.12 1
6.132 -1
8.03 1
7 1
4.31 -1
6.761 -1
8.27 1
7.513 1
7.32 1
8.27 1
4.36 0
7.34 1
5.375 -1
7.79 1
8.16 1
7.92 1
7.6 1
7.395 1
4.785 -1
8.57 1
5.613 -1
7 1
2.84 0
7 1
5.88 -1
8.16 1
8.21 1
6.176 -1
1.3 0
7.36 1
4.809 -1
2 0
3.47 0
8.12 1
8.015 1
5.784 -1
7.175 1
7.475 1
7.76 1
7.447 1
6.93 1
2.84 0
5.2 1
5.33 1
8.12 1
8.12 1
7.79 1
8.45 1
1.26 0
7.88 1
6.2 1
6.421 -1
8.24 1
6.88 1
8.03 1
7.79 1
5.235 -1
8.27 1
7.14 1
7.79 1
8.16 1
6.11 1
5.315 -1
6.93 1
7.79 1
7.61 1
8.215 1
7.76 1
8.21 1
3.59 -1
2.84 0
7.84 1
7.775 1
7.76 1
7.94 1
7.19 1
7.635 1
8.16 1
1.44 0
5.996 -1
7.79 1
7.34 1
6.76 1
6.98 1
7.375 1
2.25 0
7.74 1
2.845 0
6.867 1
8.13 1
8.12 1
2.475 0
7.76 1
7.395 1
7.79 1
7.185 1
5.93 -1
7.79 1
6.72 1
1.44 0
7 1
7.525 1
7.755 1
8.16 1
7.38 1
7.76 1
8.16 1
6.445 -1
8.27 1
8.27 1
6.665 1
6.227 -1
6.303 -1
7 1
3.685 -1
7.81 1
7.793 1
7.285 1
7.84 1
7.79 1
6.547 1
8.45 1
8.03 1
7.76 1
6.8 1
6.955 1
8.27 1
6.59 1
6.93 1
7.545 1
7.56 1
5.6 1
7.79 1
8.27 1
6.998 1
7.677 1
5.62 -1
7.79 1
6.693 -1
7.536 1
1.415 0
7.61 1
8.57 1
4.896 -1
6.327 -1
7.317 1
6.985 1
7.57 1
7.913 1
0.83 0
7.217 1
8.45 1
6.49 1
7.07 1
7.22 1
0.85 0
7.89 1
7.6 1
8.015 1
1.07 0
7.76 1
7.59 1
7.79 1
7.79 1
2.36 0
6.825 1
7.665 1
7 1
7.89 1
7 1
5.967 -1
7.79 1
8.33 1
8.45 1
8.16 1
8.57 1
3.472 -1
7.853 1
4.297 -1
7.762 1
7.79 1
7.79 1
7.07 1
7.17 1
6.616 -1
7.103 1
8.065 1
1.845 0
8.27 1
3.47 0
7.79 1
7.977 1
7.89 1
7.84 1
8.195 1
8.27 1
6.74 1
7.22 1
5.93 1
3.396 -1
1.35 0
6.765 -1
7.06 1
6.64 1
8.27 1
7.79 1
7 1
7.79 1
7.92 1
4.08 -1
8.24 1
7.76 1
7.93 1
4.565 -1
7.177 1
7.79 1
7 1
7.775 1
8.57 1
6.035 -1
7.012 1
6.825 1
8.27 1
6.93 1
8.27 1
4.575 -1
5.145 -1
7.81 1
7.825 1
8.57 1
8.02 1
8.03 1
7.81 1
6.795 1
7.156 1
7.79 1
6.825 1
5.2 1
7 1
3.482 -1
7.79 1
8.27 1
2 0
7.79 1
8.27 1
6.79 1
6.943 1
3.367 -1
7.451 1
5.732 -1
6.853 1
7.523 1
7.79 1
5.667 -1
8.12 1
7.855 1
7.92 1
7.72 1
7.79 1
7.79 1
1.52 0
6.35 -1
5.6 1
7.79 1
8.065 1
2.84 0
7.79 1
4.32 0
8.27 1
6.918 -1
7.095 1
1.5 0
7.95 1
8.18 1
7.79 1
7.79 1
7.79 1
6.23 -1
3.47 0
7.618 1
8.45 1
7.89 1
7.42 1
6.308 -1
5.907 -1
6.76 1
4.805 -1
7.725 1
7.345 1
4 -1
7.76 1
1.07 0
8.27 1
2.36 0
5.606 -1
4.527 -1
2.22 0
7.79 1
8.16 1
7.03 1
8.21 1
7.605 1
8.45 1
8.21 1
7.79 1
3.854 -1
8.03 1
7.263 1
6.53 -1
7.79 1
7.89 1
1.07 0
7.92 1
8.27 1
4.615 -1
2.84 0
2.757 -1
7.527 1
7.365 1
1.38 0
6.197 -1
1.63 0
7.25 1
6.148 -1
6.07 -1
5.355 -1
7.79 1
7.79 1
6.65 1
7.025 1
6.145 -1
7.438 1
1.945 -1
7.073 1
8.27 1
6.716 -1
2.25 0
7.79 1
7.79 1
6.717 1
8.27 1
7.347 1
4.79 -1
8.27 1
7.89 1
7.79 1
7.36 1
8.27 1
7.79 1
7.46 1
7 1
7.975 1
7.22 1
8.27 1
8.45 1
7.23 1
4.916 -1
6.93 1
6.65 1
6.874 -1
5.463 -1
8.04 1
7.79 1
8.142 1
6.68 1
6.12 1
1.89 0
6.65 1
8.03 1
6.93 1
1.88 0
8.27 1
7.995 1
7.965 1
7 1
6.965 1
7.685 1
8.03 1
7.505 1
8.45 1
4.187 -1
3.863 -1
8.27 1
6.761 -1
7.79 1
7 1
7.79 1
8.145 1
8.12 1
5.766 -1
6.93 1
1.47 0
5.945 -1
5.22 -1
5.7 -1
4.13 0
8.21 1
5.76 -1
7.315 1
7.79 1
7.225 1
7.22 1
6.8 1
5.365 -1
8.21 1
8.015 1
7.635 1
7.79 1
6.987 1
7.79 1
7.79 1
7.57 1
7.79 1
7.79 1
8.03 1
5.93 -1
7.074 -1
7.52 1
6.838 1
7.226 1
7.154 1
6.137 1
7.56 1
6.414 -1
4.13 0
7.275 1
6.59 1
4.67 -1
8.42 1
6.95 1
7.65 1
7.79 1
6.857 1
8.27 1
7.955 1
7.79 1
7.755 1
7.975 1
7.36 1
2.04 0
3.47 0
7 1
7.79 1
8.27 1
8.21 1
6.93 1
7.855 1
7.72 1
6.65 1
7.81 1
6.167 -1
7.865 1
7.36 1
7.663 1
6.349 -1
8.27 1
1.35 0
7.07 1
4.13 0
2.84 0
6.76 1
7.077 1
7.84 1
7 1
7.583 1
8.57 1
7.66 1
8.27 1
6.074 -1
7.413 1
7.525 1
7.26 1
7.338 1
7.295 1
8.165 1
8.45 1
6.292 -1
8.315 1
8.03 1
6.59 1
8.27 1
6.087 -1
0.985 0
2.15 0
7 1
5.858 -1
2.36 0
7.97 1
7.627 1
5.557 -1
7.474 1
7.79 1
5.155 -1
7.015 1
7.556 1
8.16 1
6.04 -1
6.875 1
7.34 1
6.36 -1
8.45 1
7.643 1
2.84 0
1.76 0
7.79 1
7 1
7.79 1
5.355 -1
5.845 1
7.775 1
7.6 1
7.99 1
4.423 -1
6.332 -1
7.855 1
1.823 0
7 1
4.275 -1
8.27 1
7.132 1
7.335 1
7.97 1
7.375 1
5.817 -1
8.21 1
8.313 1
6.946 1
5.517 -1
7.79 1
7.79 1
7.173 1
7.79 1
7.2 1
5.17 -1
7.32 1
7.195 1
6.965 1
6.771 1
5.68 -1
8.21 1
8.09 1
7.81 1
7.145 1
7.672 1
8.27 1
7.545 1
7.135 1
8.27 1
7.626 1
6.982 -1
7 1
7.19 1
7.57 1
8.03 1
7.84 1
7.417 1
7 1
6.207 -1
5.518 -1
7.34 1
7.975 1
7.79 1
7.673 1
7.79 1
2.92 0
7.79 1
6.81 1
7.775 1
7.76 1
7.673 1
2.44 0
7.755 1
8.45 1
8.27 1
5.53 -1
1.79 0
7.33 1
7.84 1
7.545 1
6.357 -1
8.27 1
6.56 1
7.552 1
8.16 1
1.12 0
6.59 1
8.16 1
5.847 -1
8.57 1
6.86 1
7.79 1
6.099 -1
5.6 1
7.565 1
7.79 1
7.79 1
7.06 1
7.28 1
5.9 -1
8.16 1
1.48 0
6.62 1
8.21 1
3.91 -1
7.425 1
7.245 1
7 1
6.93 1
7.82 1
8.16 1
6.835 -1
7.9 1
7.775 1
4.544 -1
8.16 1
4.545 -1
7.79 1
6.983 1
8.21 1
6.36 -1
2.221 -1
8.45 1
5.253 -1
8.57 1
7.79 1
8.24 1
6.346 -1
6.93 1
7.276 1
8.57 1
7.217 1
4.755 -1
5.16 -1
8.08 1
2.28 0
8.45 1
8.02 1
8.27 1
7.79 1
7.79 1
8.16 1
7.386 1
5.96 -1
8.18 1
5.645 -1
7.147 1
6.615 -1
7.855 1
7.79 1
8.095 1
5.768 -1
8.27 1
2.52 0
7 1
6.825 1
7.9 1
8.03 1
8.27 1
7.79 1
7.21 1
6.116 -1
7.79 1
7.79 1
6.734 1
8.27 1
6.622 -1
8.27 1
7.79 1
7.34 1
7.746 1
3.402 -1
7.8 1
8.45 1
7.847 1
0.84 0
8.27 1
8.45 1
7.123 1
8.16 1
4.443 -1
7 1
7.685 1
7.79 1
7.46 1
7.79 1
8.015 1
6.93 1
8.45 1
7.602 1
8.16 1
1.84 0
7.955 1
8.24 1
7.81 1
0.85 0
8.27 1
8.03 1
6.65 1
7.035 1
7.81 1
8.27 1
7.987 1
7.395 1
7.79 1
5.454 -1
6.505 1
7.7 1
7.08 1
7.983 1
1.12 0
8.16 1
8.21 1
7 1
6.95 1
7.04 1
8.215 1
7.89 1
7.995 1
7.79 1
2.84 0
7.79 1
7.395 1
5.975 -1
3.645 -1
7 1
7.69 1
7.79 1
8.27 1
7.155 1
7.827 1
8.16 1
6.555 1
7.305 1
7.236 1
7.79 1
1.17 0
1.365 0
2.2 0
7.395 1
7.827 1
5.587 -1
3.97 -1
8.03 1
8.16 1
8.16 1
6.098 -1
6.547 1
7.34 1
7.79 1
7.775 1
8.27 1
8.12 1
8.57 1
7.36 1
7.79 1
7.76 1
6.315 1
5.895 1
8.21 1
5.03 -1
6.65 1
7.67 1
8.12 1
6.76 1
5.12 -1
1.71 0
7.59 1
0.99 0
7.72 1
2.84 0
7.79 1
1.24 0
6.67 1
8.27 1
7.92 1
8.27 1
7.76 1
7.34 1
7.79 1
5.6 1
6.3 1
7.127 1
5.64 1
8.57 1
8.57 1
7.414 1
7.22 1
6.65 1
6.93 1
7.79 1
7.352 1
7.79 1
7.253 1
8.24 1
8.14 1
8.16 1
7.653 1
7.452 1
2.92 0
3.895 0
6.52 1
1.86 0
7.36 1
8.33 1
6.137 1
7.747 1
8.45 1
7.92 1
7.79 1
7.263 1
8.16 1
5.32 -1
7.43 1
8.45 1
7.89 1
7 1
8.27 1
7.42 1
7.505 1
7.76 1
8.12 1
8.16 1
1.3 0
7.79 1
8.36 1
7.79 1
8.27 1
7.503 1
8.45 1
8.16 1
6.995 1
7.59 1
8.19 1
6.825 1
8.57 1
7.12 1
6.164 -1
8.12 1
7.72 1
7.602 1
7.79 1
7.193 1
1.01 0
7.81 1
7.81 1
6.655 1
7.3 1
6.385 1
7.81 1
8.27 1
7.79 1
7.635 1
6.447 -1
1.48 0
7.6 1
6.695 1
7.9 1
7.79 1
7.865 1
8.45 1
6.74 1
6.765 1
8.27 1
7.693 1
1.49 0
5.22 -1
1.56 0
6.338 -1
3.953 -1
7.76 1
6.6 1
4.965 -1
7.72 1
7.902 1
8.16 1
7.48 1
5.41 -1
8.12 1
7.43 1
7.79 1
7.69 1
7.79 1
7.24 1
3.04 0
8.16 1
7.79 1
8.12 1
7.01 1
6.93 1
7.18 1
6.28 1
6.6 1
5.07 -1
2.84 0
7.395 1
7.475 1
8.27 1
6.93 1
8.03 1
8.45 1
7.395 1
8.345 1
6.68 1
7.79 1
8.16 1
5.07 -1
7.81 1
6.647 1
7.775 1
6.76 1
2.628 0
7.11 1
7.003 1
7.89 1
7 1
6.025 -1
6.59 1
7.3 1
2.345 0
7.89 1
7.89 1
8.03 1
6.265 1
7.79 1
7.79 1
5.643 -1
8.205 1
7.79 1
7.74 1
7.79 1
7.79 1
5.843 -1
7.81 1
4.566 -1
7.673 1
3.47 0
7.02 1
2.669 -1
4.8 -1
8.03 1
7.68 1
6.319 -1
7.79 1
0.641 3
8 1
8.03 1
6.65 1
7.44 1
7.995 1
6.46 -1
6 1
7.79 1
1.44 0
7.79 1
6.93 1
6.285 -1
7.47 1
7.657 1
8.51 1
5.918 -1
7.79 1
2.846 -1
7.69 1
7.84 1
7.79 1
7.125 1
6.46 -1
8.27 1
8.45 1
8.45 1
6.65 1
2.45 0
7.79 1
6.623 1
5.855 1
1.44 0
7.79 1
2.32 0
7 1
7.074 1
7.79 1
5.28 -1
7.76 1
8.245 1
5.155 -1
4.262 -1
7.362 1
7.73 1
0.76 0
5.6 1
8.27 1
2.84 0
6.56 1
6.261 -1
8.16 1
7 1
7.872 1
6.11 1
7.59 1
8.27 1
7.79 1
7.357 1
7.79 1
8.03 1
6.548 -1
2.84 0
6.68 1
6.76 1
7.43 1
8.015 1
7.79 1
4.68 -1
7.79 1
8.12 1
7.41 1
7.024 1
8.16 1
7.375 1
8.21 1
6.96 1
5.68 -1
7.79 1
7.97 1
7.79 1
7 1
7 1
6.93 1
7.79 1
8.27 1
5.305 -1
6.853 1
7.91 1
8.27 1
8.15 1
7.36 1
6.96 1
7.405 1
7.79 1
8.025 1
8.45 1
8.36 1
7.76 1
7.79 1
7.175 1
1.327 0
7.57 1
7.975 1
7.43 1
6.96 1
7.23 1
5.303 -1
7.79 1
6.695 1
7.79 1
6.97 1
7.21 1
7.79 1
8.21 1
1.12 0
6.022 -1
6.59 1
8.16 1
6.695 1
7 1
1.48 0
7.947 1
6.93 1
6.965 1
7.43 1
1.82 0
5.703 -1
6.492 1
8.27 1
2.92 0
7.52 1
2.39 0
8.03 1
8.15 1
7.79 1
7.81 1
6.942 1
7.265 1
8.27 1
4.775 -1
7.97 1
6.165 1
7.81 1
7.79 1
8.16 1
7.19 1
7.84 1
8.27 1
7.79 1
3 0
8.27 1
7.79 1
8.21 1
5.238 -1
6.93 1
7.488 1
8.27 1
7.79 1
8.12 1
7.79 1
7.662 1
1.44 0
8.42 1
7.8 1
7.57 1
6.59 1
7.84 1
7.79 1
7.19 1
8.16 1
8.27 1
8.03 1
5.645 -1
5.115 -1
7.79 1
6.626 -1
8.16 1
1.12 0
6.93 1
7.345 1
8.12 1
7.79 1
4.375 -1
7.79 1
7 1
6.65 1
6 -1
8.45 1
8.03 1
8.03 1
7 1
7.79 1
7.825 1
7.79 1
4.751 -1
7.79 1
8.21 1
7.353 1
6.525 -1
7.79 1
2.64 0
7.785 1
7.79 1
3.897 -1
7.25 1
5.231 -1
5.817 -1
7 1
7.445 1
6.683 1
1.24 0
6.78 1
6.653 1
6.4 -1
7.79 1
6.825 1
6.558 -1
5.138 -1
8.45 1
6.76 1
7.61 1
7.395 1
2.12 0
8 1
1.29 0
8.27 1
7.56 1
8.27 1
1.47 0
7.72 1
6.348 -1
7.79 1
5.285 -1
4.923 -1
7.594 1
7.527 1
7.79 1
6.553 -1
5.95 -1
7.79 1
6.815 1
8.27 1
2.54 0
6.735 1
7.1 1
7.92 1
7.71 1
8.16 1
7.79 1
4.303 -1
6.54 1
7.76 1
8.45 1
7.79 1
8.21 1
7.81 1
7.605 1
6.705 1
7.79 1
7.79 1
6.518 -1
7.79 1
8.12 1
7.425 1
5.098 -1
6.36 1
7.79 1
7.287 1
8.07 1
7.07 1
6.93 1
7.79 1
7.07 1
5.782 -1
7.347 1
7.76 1
6.65 1
5.02 -1
7.3 1
6.35 1
7.274 1
8.12 1
6.28 -1
7.775 1
7.74 1
5.84 -1
7.79 1
6.11 1
8.27 1
6.12 1
7.975 1
8.16 1
0.76 0
5.88 -1
7.92 1
2.84 0
7.395 1
8.21 1
7.09 1
6.59 1
7.717 1
7.79 1
7.663 1
8.27 1
6.95 1
7.395 1
7.79 1
5.897 -1
7.386 1
2.04 0
8.16 1
4.333 -1
7.823 1
8.16 1
7.79 1
6.59 1
7.371 1
7.79 1
7.635 1
8.45 1
7.79 1
8.03 1
7.55 1
4.705 -1
1.12 0
7.41 1
7.433 1
7.81 1
1.347 0
7.3 1
7.295 1
6.93 1
8.01 1
5.77 -1
7 1
7.975 1
4.833 -1
8.16 1
7.043 1
8.16 1
4.777 -1
4.975 -1
8.015 1
4.2 -1
6.26 -1
7.79 1
7.51 1
7.79 1
6.763 1
5.155 -1
8.12 1
7.79 1
8.21 1
4.435 -1
7.28 1
7 1
7.79 1
7.79 1
7.79 1
3.107 -1
4.22 -1
7.425 1
3.47 0
8.015 1
7.36 1
4.523 -1
6.693 -1
7.79 1
7.89 1
7.79 1
7.79 1
8.125 1
8.12 1
5.603 -1
4.044 -1
4.96 -1
7.607 1
5.59 -1
7.36 1
3.343 -1
4.905 -1
7.487 1
7.89 1
7.36 1
7.855 1
6.07 -1
7.79 1
6.252 -1
7.57 1
6.562 -1
7.835 1
7.457 1
6.975 1
7.79 1
5.501 -1
7.345 1
7 1
7 1
5.647 -1
7 1
5.223 -1
6.93 1
7.89 1
4.137 -1
7.43 1
7.034 1
7.79 1
7.19 1
6.825 1
7.79 1
6.165 -1
8.16 1
6.65 1
6.955 1
8.16 1
7.49 1
6.68 1
7.19 1
5.934 -1
7.527 1
5.815 -1
6.765 1
6.59 -1
5.91 -1
7.947 1
7.09 1
7.76 1
8.45 1
7.79 1
1.76 0
7.775 1
6.813 1
7.495 1
2.36 0
7.815 1
5.458 -1
7.493 1
2.938 0
7.72 1
6.464 -1
6.93 1
8.03 1
5.055 -1
7.44 1
7.92 1
8.27 1
3.252 -1
8.21 1
5.93 -1
7.998 1
7.875 1
8.45 1
8.45 1
4.347 -1
2.02 0
6.65 1
7.71 1
1.76 0
4.13 0
4.39 -1
5.637 -1
6.68 1
6.16 -1
2.84 0
5.2 -1
7.7 1
6.93 1
7.9 1
7.81 1
6.173 -1
5.6 1
7.22 1
7.46 1
7.79 1
6.327 -1
8.16 1
5.2 1
7.84 1
5.032 -1
5.171 -1
7.81 1
6.285 1
7.43 1
8.16 1
8.16 1
8.21 1
1.17 0
7.88 1
5.06 -1
6.575 -1
7.79 1
1.32 0
7.23 1
2.92 0
8.06 1
7.5 1
8.27 1
6.793 -1
7.435 1
8.123 1
6.797 1
2.815 0
7.82 1
8.27 1
7.227 1
7.9 1
7.76 1
7.273 1
8.27 1
6.055 -1
8.27 1
8.27 1
8.27 1
7.253 1
2.92 0
1.12 0
7.84 1
8.36 1
7.46 1
3.88 -1
7.76 1
5.64 -1
7.81 1
6.985 1
7 1
7.395 1
3.88 -1
3.88 -1
5.745 -1
3.88 -1
8.27 1
5.385 -1
2.385 0
7.215 1
3.47 0
7.775 1
7.065 1
6.315 1
6.605 1
7.677 1
7.79 1
7.36 1
6.65 1
6.547 1
5.76 -1
7.84 1
8.01 1
3.36 -1
6.977 1
8.21 1
1.24 0
7.485 1
6.65 1
7.79 1
7.28 1
7.168 1
7.93 1
8.21 1
1.12 0
7.105 1
2.36 0
7.79 1
6.547 1
7 1
7.79 1
7 1
1.77 0
8.27 1
4.32 0
7.603 1
8.36 1
7.79 1
7.81 1
6.038 -1
7.36 1
8.03 1
6.93 1
1.44 0
6.765 1
8.27 1
7.79 1
7.79 1
5.302 -1
1.72 0
7.085 1
7.79 1
8.21 1
8.067 1
7.34 1
7.79 1
5.641 -1
4.6 -1
8.33 1
7.4 1
8.27 1
7.79 1
7 1
7 1
5.79 -1
6.225 -1
6.28 1
6.715 -1
7.22 1
1.26 0
7.537 1
7.693 1
6.59 1
7.79 1
3.47 0
5.837 -1
4.96 -1
6.977 -1
1.1 0
7.79 1
8.27 1
7.22 1
7.92 1
5.11 -1
8.14 1
8.27 1
2.39 0
7.825 1
6.448 -1
6.645 1
7.89 1
7.89 1
7.395 1
3.47 0
7.72 1
6.964 1
4.68 -1
5.99 -1
6.6 1
7.76 1
7.79 1
7.395 1
7.276 1
7.79 1
7 1
8.45 1
6.272 1
7.79 1
7.81 1
7.79 1
1.76 0
8.16 1
7.79 1
7.333 1
6.623 1
8.21 1
7 1
8.006 1
7.79 1
7.56 1
8.27 1
8.27 1
8.08 1
6.93 1
4.6 -1
8.12 1
7.513 1
6.082 -1
7.185 1
7.22 1
8.21 1
7.28 1
6.94 1
5.477 -1
6.6 -1
6.42 -1
7.14 1
4.876 -1
6.65 1
6.345 -1
5.233 -1
7.59 1
6.11 1
7 1
7.41 1
7.79 1
5.465 -1
7.65 1
6.143 -1
6.98 1
5.476 -1
7.595 1
7.497 1
7.79 1
7.865 1
6.395 1
7.285 1
5.827 -1
7.253 1
5.698 -1
8.09 1
7.473 1
7 1
6.52 1
7.95 1
6.782 1
7.34 1
1.48 0
6.8 1
7 1
7.422 1
7.22 1
6.887 1
7.79 1
7.282 1
7.147 1
6.705 1
8.03 1
6.012 -1
4.31 -1
7.723 1
7.488 1
7.637 1
6.6 1
6.65 1
7.503 1
5.305 -1
3.248 -1
7.55 1
8 1
7.79 1
7.79 1
5.367 -1
7.84 1
8.16 1
6.98 1
7.89 1
7.155 1
7.702 1
6.69 1
4.643 -1
6.98 1
7.883 1
7.79 1
7.147 1
5.405 -1
7.22 1
6.497 1
6.933 1
7.41 1
7.677 1
7.257 1
4.16 -1
6.132 -1
6.2 -1
6.57 -1
7.26 1
4.22 -1
7.84 1
7.79 1
7.218 1
1.12 0
7 1
7.79 1
6.359 -1
6.28 1
5.965 -1
6.162 -1
8.24 1
7.815 1
6.137 -1
5.6 1
6.447 -1
6.095 -1
1.26 0
7.72 1
7.8 1
7.79 1
6.318 1
7.79 1
8.21 1
7.72 1
7.72 1
7.41 1
7.24 1
5.355 -1
7.78 1
8.27 1
7 1
4.183 -1
6.265 1
7.79 1
7 1
3.967 -1
6.8 1
5.6 1
5.37 -1
7.32 1
7.89 1
5.02 -1
7.663 1
7.8 1
8.06 1
7.978 1
7.28 1
5.84 -1
7.768 1
7.6 1
1.44 0
4.17 -1
5.685 -1
7.71 1
8.237 1
5.477 -1
7.91 1
6.935 1
7.79 1
7.655 1
7.027 1
6.937 1
6.944 -1
7.79 1
4.93 -1
7.405 1
5.437 -1
6.76 1
1.37 0
3.427 -1
8.06 1
7.527 1
7.582 1
1.75 0
5.71 -1
8.16 1
7.97 1
7.19 1
5.899 -1
7.38 1
7.745 1
2.764 -1
7.658 1
8.03 1
8.27 1
6.265 -1
7.79 1
7.79 1
7.307 1
7.087 -1
7.775 1
8.27 1
7.727 1
6.84 1
7.79 1
7.815 1
5.143 -1
5.767 -1
7.89 1
7.36 1
7.22 1
7.63 1
7.663 1
7.59 1
7.88 1
7.503 1
5.235 -1
4.893 -1
6.93 1
7.8 1
7.175 1
7.566 1
7.527 1
8.015 1
7.168 1
4.615 -1
7.88 1
5.783 -1
6.825 1
7.56 1
7 1
5.055 -1
6.296 -1
2 0
7.84 1
4.355 -1
5.44 -1
8.45 1
7.79 1
4.975 -1
7.855 1
6.134 -1
4.113 -1
7.72 1
7.81 1
7.015 1
7.79 1
6.3 1
6.8 1
7.92 1
7.79 1
8.143 1
7.13 1
7.89 1
7 1
1.12 0
2.36 0
7.077 1
6.067 -1
8.015 1
8.195 1
7.775 1
6.385 1
6.825 1
4.99 -1
6.88 -1
7 1
8.21 1
3.47 0
8.233 1
7.205 1
7.675 1
8.02 1
7.52 1
7.79 1
7.823 1
5.115 -1
4.265 -1
6.825 1
4.975 -1
6.865 1
7.43 1
2.93 0
7.232 1
4.895 -1
4.707 -1
5.365 -1
3.055 -1
7.635 1
6.961 1
8.36 1
6.11 1
4.92 -1
7.79 1
7.79 1
6.96 1
5.275 -1
7.985 1
8.45 1
6.538 -1
7.228 1
8.45 1
7.445 1
7.147 1
7.835 1
7.79 1
1.12 0
8.27 1
7.79 1
6.27 -1
5.045 -1
7.015 1
6.766 -1
6.303 1
6.935 1
6.933 1
6.25 1
7.4 1
7.492 1
7.955 1
6.73 -1
7.02 1
7.79 1
6.718 -1
8.005 1
8.053 1
5.635 -1
7.72 1
6.93 1
8.147 1
6.43 -1
5.957 -1
7 1
6.2 -1
7 1
6.563 -1
7.325 1
7.43 1
6.963 1
6.44 1
6.673 -1
8.174 1
5.025 -1
8.03 1
7.52 1
7.453 1
7.05 1
8.03 1
7 1
7.28 1
5.537 -1
8.105 1
6.55 1
8.27 1
4.715 -1
7.79 1
6.52 1
3.183 -1
7.747 1
6.775 1
7.79 1
7.16 1
7.92 1
7.54 1
7.79 1
4.465 -1
7.49 1
7.903 1
5.737 -1
5.862 -1
3.65 -1
4.635 -1
6.312 1
8.45 1
8.16 1
7.19 1
7.36 1
8.16 1
7.76 1
6.62 -1
7.79 1
6.478 -1
6.65 1
7.395 1
2.455 0
6.712 -1
3.907 -1
8.57 1
5.135 -1
7.574 1
6.005 -1
6.895 1
7 1
7.79 1
8.253 1
8.305 1
8.233 1
7.6 1
7.533 1
7 1
8.21 1
2.36 0
6.98 1
4.43 -1
8.21 1
6.977 1
7.79 1
5.675 -1
6.732 1
5.6 1
5.89 -1
7.025 1
6.52 1
7.79 1
7.807 1
8.03 1
7.46 1
6.93 1
7.38 1
7.76 1
6.81 1
6.165 1
7.665 1
6.002 -1
7.083 1
7.24 1
6.39 1
7.277 1
7.72 1
8.27 1
8.11 1
6.93 1
6.24 1
7.217 1
7.055 1
7.79 1
7.79 1
3.99 -1
6.77 1
6.6 1
4.455 -1
7.803 1
7.88 1
8.065 1
3.5 -1
7.353 1
7.117 1
7.087 1
7 1
6.25 1
1.12 0
4.193 -1
6.88 1
2.648 -1
4.26 -1
6.8 1
4.79 -1
7.768 1
7.14 1
7.79 1
7.22 1
8.165 1
7.613 1
7.042 1
6.91 1
7.005 1
7.89 1
5.86 -1
6.121 -1
8.11 1
8.14 1
7.76 1
6.577 -1
6.705 1
7.797 1
2.35 0
6.197 1
7.68 1
7 1
7.97 1
7.79 1
7.4 1
7.79 1
7.005 1
5.357 -1
4.57 -1
7.03 1
1.32 0
7.392 1
6.887 1
8.27 1
7.373 1
1.57 0
7 1
6.389 -1
7.083 1
7.175 1
5.05 -1
5.786 -1
7.92 1
8.51 1
8.36 1
7.16 1
7.705 1
5.17 -1
7.535 1
7.79 1
6.655 -1
7.517 1
7.853 1
7.84 1
6.262 -1
5.443 -1
7.765 1
7.46 1
7.308 1
7.002 1
7.92 1
3.76 -1
7.855 1
7.76 1
5.125 -1
6.308 -1
4.846 -1
2.36 0
7.22 1
8.27 1
7.123 1
6.624 -1
7.97 1
7.03 1
8.45 1
5.485 -1
8.27 1
7.173 1
5.397 -1
8.27 1
6.197 -1
4.515 -1
6.755 -1
7.395 1
6.65 1
7.81 1
0.83 0
5.849 -1
7.76 1
6.346 -1
6.955 1
4.68 -1
7.755 1
7 1
5.525 -1
1.63 0
7.08 1
7.6 1
8.42 1
6.965 1
7.433 1
5.833 -1
7.564 1
6.702 1
6.945 1
8.27 1
3.293 -1
7.79 1
7.46 1
8.21 1
6.44 1
7.37 1
8.21 1
4.843 -1
1.76 0
4.243 -1
6.65 1
8.45 1
7.79 1
7.995 1
7 1
7.064 1
7.25 1
6.65 1
8.12 1
8.12 1
6.536 -1
4.74 -1
7.79 1
7.486 1
7.113 1
7 1
4.2 -1
7.562 1
6.44 1
7.92 1
2.92 0
6.023 -1
7.127 1
6.805 1
7.195 1
6.368 -1
7.386 1
2.92 0
7.585 1
8.27 1
7.79 1
8.245 1
4.95 -1
7.273 1
6.33 1
4.78 -1
6.76 1
3.227 -1
6.853 1
8.27 1
6.65 1
2.793 0
8.21 1
4.22 -1
6.6 1
1.12 0
7.79 1
7.79 1
4.055 -1
5.555 -1
7.79 1
6.68 1
2.35 0
1.12 0
3.78 -1
6.76 1
7.247 1
7.503 1
7.13 1
8.21 1
7.995 1
5.785 -1
6.843 1
6.65 1
7 1
0.96 0
7.54 1
6.16 1
8.27 1
7.235 1
7.263 1
4.34 -1
6.65 1
8.15 1
1.12 0
8.04 1
6.98 1
7.82 1
7.59 1
5.384 -1
7.433 1
4.794 -1
8.21 1
8.27 1
7.76 1
4.553 -1
7.615 1
4.945 -1
7.585 1
7.374 1
8.03 1
6.446 -1
7 1
7.676 1
6.637 1
2.2 0
2.887 -1
7.983 1
7.14 1
6.975 1
8.017 1
5.64 -1
7.95 1
8.27 1
6.555 1
7.59 1
6.9 1
7.485 1
7.493 1
7.6 1
6.533 -1
5.987 -1
7.927 1
7.325 1
5.596 -1
6.973 1
7.672 1
7.395 1
7.647 1
7.56 1
7.79 1
6.81 1
7.76 1
7.28 1
7.143 1
7 1
7.315 1
4.69 -1
5.463 -1
1.26 0
1.07 0
4.788 -1
8.27 1
6.527 -1
7.864 1
6.65 1
6.86 1
8.27 1
7.395 1
7.395 1
7.723 1
7.985 1
5.245 -1
7.565 1
7.615 1
7.79 1
8.27 1
7.48 1
7.575 1
6.92 1
6.8 1
7.59 1
6.64 1
7.41 1
5.755 -1
7.185 1
5.2 1
7.79 1
6.22 -1
7 1
6.426 -1
7.92 1
3.89 -1
3.04 0
6.158 -1
6.825 1
7 1
7.343 1
1.12 0
1.5 0
7.465 1
7.013 1
6.96 1
7.79 1
7.89 1
5.355 -1
7.36 1
7.79 1
7.345 1
7.46 1
7.79 1
5.831 -1
7.472 1
3.623 -1
8.12 1
6.56 1
6.637 1
8.05 1
7.55 1
8.03 1
7.46 1
7.57 1
7.26 1
6.553 1
5.595 -1
6.785 -1
6.96 1
0.96 0
7.65 1
7.32 1
7.668 1
6.86 1
5.63 -1
1.63 0
8.105 1
7.543 1
7.72 1
5.356 -1
7.41 1
7.57 1
8.08 1
7.79 1
7.79 1
6.1 -1
5.569 -1
7 1
4.965 -1
6.665 1
6.765 1
5.27 -1
7.787 1
6.933 1
7.985 1
4.99 -1
6.65 1
5.612 -1
7.72 1
8.45 1
7.79 1
7.855 1
7.09 1
6.99 1
8.27 1
7.213 1
4.085 -1
7.803 1
7.103 1
7.235 1
7.79 1
7 1
4.29 -1
7.79 1
6.56 -1
3.946 -1
7.36 1
7.03 1
6.547 -1
7 1
6.535 1
6.743 1
7.57 1
7.39 1
7.405 1
6.139 -1
3.47 0
7.79 1
3.136 -1
6.96 1
6.59 1
8.015 1
7.57 1
6.965 1
6.96 1
6.498 -1
8.117 1
6.21 1
7.47 1
7.79 1
7.72 1
7.355 1
8.225 1
5.815 1
7.79 1
5.645 -1
6.267 -1
7.84 1
1.08 0
5.908 -1
2.77 -1
6.93 1
8.45 1
6.65 1
8.12 1
7.38 1
4.85 -1
2.92 0
6.65 1
7.498 1
0.83 0
7.79 1
6.79 1
7.195 1
7.473 1
6.158 -1
7.22 1
8.41 1
2.92 0
6.737 1
4.828 -1
7.22 1
6.11 -1
7 1
6.93 1
6.65 1
7.695 1
4.13 0
1.417 0
7.76 1
6.143 -1
6.79 1
3.24 -1
6.97 1
7.208 1
5.928 -1
7.797 1
7.617 1
2.455 0
6.678 -1
8.27 1
6.35 1
7.09 1
8.03 1
6.88 -1
2.595 0
7.725 1
7.123 1
4.48 -1
6.65 1
7.18 1
4.925 -1
7.55 1
4.83 -1
7.773 1
7.57 1
7.637 1
8.102 1
7.81 1
6.36 1
7.713 1
5.53 -1
7.775 1
7.955 1
7.317 1
1.335 0
7.65 1
7.253 1
5.104 -1
7.23 1
6.283 -1
1.12 0
7.01 1
7.89 1
5.6 1
7.445 1
4.92 -1
7.72 1
4.575 -1
6.12 1
4.21 -1
5.653 -1
6.695 1
7.345 1
7.537 1
7.76 1
7.06 1
7.79 1
8.27 1
7.81 1
7.31 1
7.22 1
6.327 -1
5.883 -1
6.883 1
5.018 -1
7.61 1
7.195 1
7.45 1
7.55 1
6.017 -1
7.36 1
7.79 1
6.557 1
6.963 1
3.543 -1
7.79 1
5.6 1
0.7 0
6.595 -1
7.76 1
8.45 1
8.45 1
7.423 1
2.2 0
1.44 0
7.76 1
2 0
8.03 1
7.405 1
7.62 1
8.15 1
7.32 1
7.79 1
6.459 -1
4.62 -1
6.327 -1
6.178 -1
6.332 -1
7.74 1
5.572 -1
7.31 1
6.78 1
7.492 1
7.076 -1
8.27 1
8.055 1
4.54 -1
7.57 1
7.21 1
8.14 1
6.582 1
7.635 1
8.27 1
7.79 1
7 1
6.8 1
6.825 1
3.833 -1
7.65 1
6.965 1
7.3 1
4.225 0
7.457 1
5.7 1
7.79 1
1.76 0
7.635 1
8.085 1
3.78 -1
7.76 1
8.36 1
7.995 1
2.92 0
3.087 -1
8.27 1
2.25 0
7.37 1
7.08 1
5.325 -1
8.215 1
6.656 1
5.6 1
3.165 -1
8.03 1
7 1
7.048 1
8.09 1
7 1
7.557 1
7.605 1
7.483 1
7.02 1
7 1
7.272 1
8.185 1
7.51 1
7.482 1
1.68 0
5.74 1
4.26 -1
6.41 1
7 1
6.65 1
7.5 1
5.722 -1
7 1
6.923 1
7.79 1
7 1
8.27 1
7.453 1
5.2 1
8.45 1
4.62 -1
5.212 -1
2.84 0
7.3 1
4.727 -1
4.825 -1
7.97 1
3.975 -1
8.07 1
7.79 1
7.79 1
5.34 -1
7.242 1
4.84 -1
7.79 1
7.497 1
7.515 1
7.79 1
3.62 -1
6.586 -1
2.135 0
8.14 1
6.908 1
8.045 1
7 1
4.22 -1
7.6 1
5.89 -1
4.163 -1
7.37 1
7 1
7.79 1
7.79 1
6.83 1
7 1
7.045 1
5.597 -1
7.865 1
7.395 1
7.087 1
7.57 1
5.39 1
7.255 1
5.315 -1
6.93 1
7.38 1
6.76 1
7.865 1
8.185 1
7 1
6.079 -1
5.64 1
7.283 1
6.9 1
8.27 1
8.24 1
7.079 1
7.387 1
8.192 1
5.758 -1
8.27 1
1.44 0
2.575 -1
7.3 1
5.843 -1
2.91 0
7.07 1
6.65 1
4.945 -1
8.14 1
4.91 -1
7.743 1
7.897 1
5.77 -1
7.81 1
7.13 1
8.27 1
7.613 1
7.79 1
7.76 1
6.405 1
6.96 1
7.95 1
3.36 -1
7.59 1
7.81 1
6.232 -1
6.527 -1
7.527 1
7.065 1
8.05 1
5.339 -1
5.667 -1
4.13 -1
8.12 1
2 0
7.465 1
7.832 1
8.14 1
7.195 1
6.955 1
6.733 1
7.545 1
7.07 1
7.61 1
7.79 1
7.545 1
8 1
8.015 1
8.36 1
7.02 1
8.27 1
6.967 1
3.876 -1
8.16 1
2.46 0
7 1
7.057 1
7.71 1
6.93 1
1.44 0
7.79 1
6.865 1
7.92 1
7.775 1
8.03 1
8.16 1
7.557 1
7.46 1
7.94 1
7.136 1
8.12 1
6.8 1
7.29 1
2.92 0
6.742 1
6.963 1
7.775 1
5.836 -1
7.047 1
6.59 1
6.334 -1
6.66 1
7.36 1
7.663 1
1.195 0
7.72 1
6.93 1
7.81 1
6.46 -1
4.44 -1
5.05 -1
5.36 -1
7.57 1
6.36 1
7.76 1
5.268 -1
4.755 -1
7.117 1
6.55 1
8.27 1
4.135 -1
8.27 1
7.935 1
8.21 1
7.79 1
4.805 -1
7.59 1
8.45 1
1.76 0
6.93 1
8.14 1
5.687 -1
7.79 1
6.793 -1
4.603 -1
7.297 1
7.56 1
7.508 1
6.94 -1
7.533 1
7.423 1
6.957 1
1.56 0
8.27 1
7.652 1
6.538 -1
7.209 1
6.73 1
7.15 1
6.65 1
6.742 1
6.65 1
7.36 1
7.002 1
6.092 -1
7.517 1
7.92 1
5.763 -1
7.475 1
4.72 -1
1.185 0
2.36 0
6.935 1
5.17 -1
7.19 1
7.813 1
7.955 1
7.79 1
2.558 -1
5.096 -1
7.513 1
6.93 1
5.423 -1
6.678 1
8.36 1
7.76 1
7.78 1
6.133 -1
7.79 1
7.663 1
7.79 1
7.36 1
7.002 -1
7.79 1
8.45 1
8.33 1
7.433 1
4.45 -1
5.285 -1
6.16 -1
7.79 1
7.73 1
7.68 1
2.36 0
7.79 1
7.79 1
6.183 -1
7.375 1
7.395 1
7.36 1
7.675 1
5.77 -1
6.965 1
5.645 -1
6.49 -1
7.448 1
7.79 1
7.363 1
7.58 1
7.516 1
8.043 1
4.627 -1
7.22 1
6.68 1
8.12 1
7.84 1
6.143 -1
7.615 1
1.5 0
7.295 1
7.395 1
6.15 -1
6.727 1
8.18 1
5.315 -1
2.485 -1
5.93 -1
7.92 1
7.04 1
8.037 1
4.26 -1
7.79 1
5.2 -1
8.22 1
8.03 1
7.52 1
6.83 1
6.407 1
8.12 1
5.515 -1
7.635 1
4.163 -1
7.893 1
7.267 1
7.735 1
7.79 1
2.402 0
6.34 -1
6.825 1
6.47 1
6.93 1
6.633 -1
7 1
7.89 1
8.015 1
5.523 -1
7.41 1
7.612 1
7.435 1
6.665 1
7.015 1
8.16 1
5.73 -1
8 1
7.273 1
7.85 1
6.795 1
8.03 1
8.27 1
6.94 1
7.91 1
8.03 1
7.61 1
7.485 1
7.58 1
7.636 1
7.864 1
2.18 0
6.513 -1
5.002 -1
7.635 1
7.84 1
4.728 -1
8.21 1
7.85 1
6.167 -1
7 1
7.315 1
6.825 1
7 1
7.405 1
8.185 1
5.323 -1
7.457 1
5.919 -1
6.203 -1
7.79 1
2.84 0
7.8 1
7.79 1
8.213 1
7.63 1
6.957 1
7.79 1
5.02 -1
8.16 1
5.938 -1
6.65 1
3.627 -1
6.365 -1
7.693 1
7.381 1
2.413 0
8.57 1
4.22 -1
7.247 1
7.95 1
7.207 1
6.853 1
7.413 1
1.225 0
8 1
4.017 -1
6.59 1
6.93 1
3.943 -1
4.8 -1
7.965 1
6.882 -1
7.51 1
6.612 -1
8.27 1
7.22 1
7.18 1
6.713 -1
7.22 1
5.352 -1
5.2 1
2.92 0
1.635 0
7.995 1
6.65 1
7.89 1
5.723 -1
7.157 1
7.285 1
6.457 -1
4.855 -1
7.307 1
7.992 1
5.851 -1
7.813 1
7.923 1
5.26 -1
2 0
4.92 -1
1.44 0
4.9 -1
8.11 1
6.937 1
5.61 -1
7.395 1
7.597 1
6.245 -1
3.47 0
7.025 1
8.015 1
8.36 1
7.122 1
6.36 1
7.72 1
7.52 1
6.65 1
1.38 0
6.205 -1
7.948 1
4.22 -1
7.855 1
7.8 1
3.303 -1
7.91 1
5.152 -1
7.635 1
3.282 -1
7.497 1
5.953 -1
7.81 1
7.343 1
5.25 -1
7.7 1
7.79 1
8.12 1
5.844 -1
7.84 1
7.76 1
7.94 1
7.283 1
7.462 1
5.375 -1
8.21 1
4.67 -1
7.353 1
7.865 1
7.775 1
5.527 -1
6.65 1
7.985 1
2.92 0
2.608 -1
8.27 1
6.742 1
4.32 -1
8.065 1
6.15 1
6.08 -1
6.07 -1
7.852 1
6.393 -1
6.52 1
7.895 1
7.59 1
7.907 1
5.686 -1
6.93 1
7.92 1
7.8 1
4.673 -1
7.95 1
7.09 1
7.89 1
6.65 1
5.495 -1
8.28 1
7.855 1
7.79 1
7.663 1
4.755 -1
4.674 -1
4.46 -1
7.14 1
5.277 -1
5.5 -1
8.09 1
6.65 1
7.803 1
1.62 0
8.45 1
6.062 -1
8.36 1
1.5 0
6.968 1
8.45 1
7.94 1
6.65 1
8.45 1
7.72 1
8.33 1
8.27 1
7.79 1
7.79 1
7.013 1
7.785 1
7.537 1
4.463 -1
7.775 1
7.79 1
7.79 1
7.007 1
7.274 1
8.45 1
7.92 1
7.55 1
8.27 1
7.21 1
6.81 1
5.584 -1
8.27 1
6.953 1
6.731 -1
7.377 1
7.205 1
7.635 1
7.79 1
6.07 1
6.923 -1
7.79 1
8.27 1
5.624 -1
1.72 0
7.38 1
7.79 1
7.46 1
7.592 1
6.891 -1
7.383 1
8.27 1
7.205 1
7.59 1
5.043 -1
2.865 0
7.775 1
4.505 -1
7.593 1
7.775 1
7.355 1
8.24 1
7.755 1
8.015 1
5.182 -1
7 1
7.348 1
7.23 1
7 1
6.205 -1
6.942 1
7.72 1
7.71 1
6.935 1
6.043 1
5.2 1
7.1 1
7.79 1
6.338 -1
6.12 1
6.975 1
6.108 -1
7.403 1
8.21 1
5.317 -1
4.315 -1
7.79 1
7.92 1
7.605 1
4.474 -1
7.22 1
7.79 1
7.985 1
7.03 1
7 1
7.22 1
4.745 -1
5.621 -1
7 1
7.493 1
2.853 -1
7.385 1
6.1 -1
7.91 1
7.39 1
5.683 -1
5.04 -1
4.6 -1
7.79 1
4.515 -1
6.123 -1
7.47 1
7.143 1
7.263 1
6.8 1
8.27 1
6.945 1
7.79 1
7.513 1
7.41 1
7.598 1
7.635 1
7.55 1
4.44 0
3.683 -1
7.4 1
6.845 1
5.63 -1
7.163 1
7.269 1
6.765 1
1.44 0
7.84 1
6.4 -1
4.22 -1
8.01 1
7.88 1
1.63 0
7.81 1
7.487 1
6.35 -1
1.07 0
7.79 1
6.65 1
4.465 -1
4.645 -1
8.45 1
7.405 1
5.917 -1
7.3 1
5.74 1
5.915 -1
6.118 -1
7.76 1
2.84 0
6.66 1
4.487 -1
6.225 1
4.725 -1
1.26 0
7.527 1
4.755 -1
7.313 1
7.79 1
7.768 1
6.57 1
6.361 -1
5.6 1
6.15 -1
3.797 -1
6.65 1
2.92 0
8.03 1
6.37 1
5.777 -1
2.88 0
7.92 1
7 1
7.79 1
6.96 1
7.473 1
7.46 1
7.833 1
6.99 1
6.93 1
7.76 1
6.282 -1
6.855 1
7.837 1
7.22 1
7 1
7.835 1
7.154 1
7.935 1
4.55 -1
6.52 1
2.35 0
6.681 -1
8.345 1
4.575 -1
5.355 -1
7.68 1
7.24 1
1.44 0
8.27 1
7.22 1
8.45 1
7.445 1
8.14 1
6.65 1
7.81 1
6.52 1
7.287 1
7.76 1
7.26 1
6.825 1
7.287 1
7.755 1
2.877 -1
7.847 1
8.112 1
7.45 1
8.03 1
7.653 1
7.79 1
7.48 1
7.856 1
7.43 1
7.687 1
6.652 -1
5.6 1
7.4 1
7.815 1
6.078 -1
6.68 1
7.235 1
7.143 1
7.81 1
5.728 -1
6.16 1
6.074 -1
7.79 1
6.93 1
8.21 1
7.872 1
5.148 -1
7.145 1
7.22 1
7.4 1
7.617 1
7.688 1
7.79 1
7.295 1
4.13 0
8.032 1
1.755 0
7.38 1
7 1
5.507 -1
7.79 1
8.08 1
7.79 1
7.79 1
7.11 1
6.47 1
4.64 -1
6.65 1
7.155 1
7 1
7.005 1
7.76 1
7.066 1
8.21 1
7.585 1
6.7 1
4.49 -1
7.173 1
1.67 0
7.54 1
7.475 1
8.27 1
7.59 1
7.437 1
1.07 0
4.645 -1
5.415 -1
2.675 -1
6.944 1
7.985 1
7.343 1
6.94 1
8.01 1
6.433 1
5.355 -1
7.79 1
6.36 1
7.38 1
8.03 1
5.093 -1
7.3 1
8.16 1
3.64 0
3.94 -1
7.79 1
6.65 1
6.19 -1
6.56 1
7.865 1
6.3 -1
8.21 1
6.44 -1
7.63 1
7.267 1
8.016 1
4.738 -1
2.84 0
6.845 1
7.71 1
1.12 0
5.655 -1
7.173 1
8.12 1
7.115 1
7.147 1
1.63 0
4.06 -1
6.92 1
1.535 0
0.84 0
7.41 1
2.36 0
7.76 1
2.92 0
8.16 1
7.22 1
6.965 1
7.383 1
7.03 1
7.79 1
7.7 1
5.787 -1
7.335 1
7.79 1
6.935 1
8.27 1
7.59 1
6.65 1
1.63 0
7.527 1
7.57 1
7.76 1
6.65 1
6.402 -1
7.93 1
6.609 -1
5.093 -1
7.46 1
6.918 1
7.92 1
7.25 1
6.27 1
6.35 -1
7.127 1
5.982 -1
6.19 -1
7.675 1
4.755 -1
7.95 1
5.829 -1
7.267 1
8.21 1
7.453 1
8.45 1
4.985 -1
7 1
7.76 1
5.43 -1
7.65 1
4.067 -1
7.25 1
7 1
8.177 1
3.47 0
7 1
6.76 1
2.557 0
7.3 1
7 1
6.657 1
7.59 1
7.315 1
8.45 1
7.387 1
4.685 -1
7 1
7.79 1
4.202 -1
7.457 1
7.84 1
7.297 1
7.395 1
7.97 1
6.8 1
8.27 1
7.96 1
7.337 1
2.885 -1
6.662 1
7.57 1
5.932 -1
2.44 0
8.025 1
7.89 1
8.27 1
7.332 1
3.04 0
7.467 1
7.658 1
6.65 1
7.3 1
7.635 1
7.077 1
3.663 -1
7.158 1
7 1
6.87 1
4.98 -1
8.08 1
7.713 1
7.855 1
7.812 1
2.19 0
1.76 0
8.27 1
7.617 1
7.81 1
4.44 -1
5.737 -1
4.36 0
6.96 1
6.65 1
6.96 1
8.15 1
6.5 -1
8.45 1
3.562 -1
8.27 1
4.485 -1
8.09 1
6.43 1
7.775 1
7.89 1
7.79 1
7.09 1
7.575 1
7.655 1
7.015 1
7.277 1
6.318 -1
7.79 1
5.74 1
5.9 1
5.984 -1
7.43 1
7.047 1
7.76 1
5.437 -1
6.665 1
7.227 1
7.885 1
6.283 -1
0.83 0
4.84 -1
4.25 -1
8.57 1
4.819 -1
5.53 -1
7.393 1
7.387 1
5.46 -1
6.087 -1
7.923 1
6.65 1
7.395 1
8.015 1
6.656 -1
7.79 1
7.255 1
6.49 1
4.973 -1
7.505 1
1.17 0
7.285 1
8.27 1
7.79 1
7.79 1
8.07 1
6.55 -1
6.11 1
1.12 0
6.285 1
7.79 1
7 1
6.79 1
6.327 -1
3.23 -1
8.27 1
7.265 1
7.395 1
8.005 1
6.582 -1
1.17 0
4.73 -1
7.22 1
7.79 1
8.055 1
6.65 1
6.87 1
8.03 1
2.855 0
7.595 1
0.76 0
7.308 1
7.073 1
6.993 1
3.533 -1
7.79 1
4.64 -1
6.745 1
7.59 1
2.247 0
6.743 1
6.905 1
8.015 1
4.15 -1
6.65 1
7.51 1
6.715 1
8.27 1
3.138 -1
7.2 1
6.79 1
2.52 0
7.768 1
5.409 -1
8.24 1
7.76 1
5.907 -1
7.653 1
0.74 0
8.27 1
8.27 1
7.137 1
4.21 -1
7.79 1
4.467 -1
5.986 -1
5.67 1
7.487 1
6.93 1
8.57 1
8.27 1
7.952 1
7.431 1
1.48 0
8.12 1
4.584 -1
6.88 1
7.395 1
4.72 -1
6.93 1
5.787 -1
8.07 1
7.25 1
6.137 -1
1.72 0
6.657 1
7.724 1
7.765 1
7.07 1
7.01 1
7.525 1
7.205 1
7.79 1
5.324 -1
5.525 -1
6.077 -1
7.72 1
7.06 1
8.27 1
7.305 1
7.84 1
7.587 1
6.825 1
5.715 -1
7.79 1
7.36 1
7.315 1
6.62 1
8.27 1
8.36 1
7.71 1
7.08 1
7.64 1
6.55 1
6.95 1
7.185 1
6.295 -1
7.03 1
7.042 1
6.097 -1
7.005 1
6.557 1
8 1
5.355 -1
6.676 1
8.03 1
7.94 1
7.036 1
8.075 1
5.614 -1
7.033 1
8.04 1
7.362 1
6.32 1
6.316 -1
6.72 1
7.52 1
7.564 1
8.27 1
5.356 -1
7.537 1
4.992 -1
7.65 1
4.487 -1
7.138 1
3.948 -1
8.12 1
8.45 1
7.3 1
6.56 1
7.19 1
7.79 1
4.54 -1
6.59 1
4.62 -1
7.16 1
6.11 1
4.06 -1
8.14 1
7.222 1
6.53 1
6.226 -1
8.293 1
6.62 1
3.195 0
7.225 1
7.76 1
8.083 1
4.185 -1
6.41 1
4.665 -1
5.357 -1
7.137 1
5.868 -1
1.62 0
6.82 1
8.27 1
7.435 1
7 1
7.92 1
7.08 1
7.072 1
7.395 1
4.13 0
6.454 -1
7.79 1
7.114 1
7.793 1
6.7 1
6.595 1
6.78 1
6.259 -1
0.7 0
3.893 -1
7.707 1
7.76 1
7.89 1
5.04 -1
4.093 -1
3.375 -1
8.24 1
6.805 1
6.59 1
7.79 1
6.3 1
8.075 1
4.71 -1
1.04 0
3.47 0
1.44 0
1.52 0
8.45 1
8.27 1
6.65 1
5.77 -1
7.517 1
5.085 -1
7.26 1
7.79 1
5.595 -1
7.03 1
5.303 -1
6.686 1
8.36 1
5.435 -1
6.76 1
6.405 1
7.79 1
4.37 -1
7.217 1
7.144 1
7.17 1
3.31 -1
6.44 -1
7.015 1
7.61 1
4.375 -1
7.72 1
6.8 1
6.327 -1
7.34 1
7.79 1
7.79 1
6.62 1
8.36 1
7.855 1
7.56 1
7.227 1
6.208 -1
4.92 -1
7.213 1
6.545 -1
6.518 -1
6.317 -1
7.42 1
6.902 1
1.44 0
5.118 -1
4.835 -1
3.387 -1
7.6 1
5.697 -1
7.22 1
6.807 -1
6.443 1
7.57 1
7.325 1
7.78 1
7.45 1
7.28 1
7.22 1
6.16 1
4.62 -1
8.12 1
6.65 1
7.628 1
7.307 1
7.417 1
7.737 1
2.92 0
7.757 1
7.3 1
7.573 1
6.735 1
2.54 0
8.25 1
4.035 -1
6.61 1
6.165 1
6.6 1
7.865 1
7.83 1
7.947 1
2.34 0
6.615 1
7.57 1
6.312 -1
4.755 -1
6.316 -1
5.92 -1
7.547 1
7.772 1
7.59 1
1.375 0
7.755 1
4.945 -1
7.46 1
5.74 1
5.497 -1
7.21 1
7.103 1
5.505 -1
7.155 1
8.22 1
7.27 1
4.344 -1
7.395 1
4.22 -1
5.6 1
7.79 1
7.43 1
5.58 -1
6.937 1
8.45 1
8.27 1
6.65 1
2.92 0
1.76 0
7.057 1
7.79 1
7.865 1
6.934 1
7.79 1
7.95 1
7.425 1
7.898 1
7.855 1
6.943 1
7.225 1
4.903 -1
7.415 1
7.52 1
7 1
5.62 -1
7.547 1
7.23 1
8.195 1
3.485 0
7.22 1
8.16 1
7.79 1
3.203 -1
7.366 1
7.48 1
7.76 1
6.27 -1
7.143 1
7.14 1
4.96 -1
7.254 1
4.72 -1
7.92 1
7.57 1
7.78 1
7.81 1
7.79 1
7.757 1
8.21 1
7.03 1
7.45 1
3.81 -1
6.76 1
1.44 0
7.4 1
7 1
7.503 1
6.625 1
6.68 1
7.39 1
6.907 1
7.025 1
5.942 -1
6.733 1
6.74 -1
7.79 1
7 1
7.115 -1
7.79 1
1.26 0
7.76 1
5.126 -1
6.087 -1
7.667 1
8.11 1
1.32 0
7.345 1
8.27 1
7.395 1
7.395 1
5.153 -1
1.44 0
8.12 1
7.71 1
5.622 -1
5.492 -1
1.44 0
6.963 1
6.11 1
5.953 -1
7.35 1
7.79 1
7.2 1
7.825 1
7.68 1
7.537 1
5.6 1
7.14 1
7.56 1
7.775 1
7.22 1
8.27 1
3.987 -1
5.077 -1
7.109 -1
5.595 -1
7.59 1
4.963 -1
7.41 1
6.537 1
6.59 1
0.98 0
8.21 1
6.265 1
7.063 1
7 1
6.68 1
8.45 1
5.573 -1
6.945 1
5.417 -1
3.94 -1
4.875 -1
5.313 -1
4.98 -1
4.223 -1
7.3 1
7.265 1
1.44 0
7.003 1
6.21 -1
7.843 1
7.6 1
4.862 -1
6.593 1
8.03 1
8.03 1
6.977 1
4.87 -1
4.885 -1
6.617 -1
6.57 1
3.884 -1
4.563 -1
7.17 1
7.566 1
7.545 1
5.543 -1
7.52 1
7.57 1
7.015 1
6.64 -1
8.21 1
7.417 1
7.297 1
7.617 1
7.79 1
5.902 -1
5.729 -1
7.445 1
2.34 0
7 1
6.933 -1
7.59 1
7.226 -1
7.79 1
7.855 1
6.64 -1
6.14 1
7.408 1
7.197 1
8.23 1
4.756 -1
7.32 1
3.922 -1
5.36 -1
4.635 -1
2.707 0
7.635 1
7.445 1
7.84 1
4.78 -1
7.79 1
5.082 -1
7.643 1
7.383 1
7.646 1
7.157 1
4.48 -1
7.46 1
3.885 -1
7.282 1
6.026 -1
6.867 1
7.62 1
7.186 1
7.367 1
7 1
3.47 0
6.963 1
7 1
2.52 0
5.897 -1
7 1
7 1
3.832 -1
8.17 1
7.79 1
6.788 -1
7.2 1
7.62 1
4.332 -1
7.184 1
7.81 1
7.36 1
4.565 -1
7.21 1
5.317 -1
7.738 1
4.025 -1
7.92 1
5.47 -1
7.454 1
6.887 1
5.823 -1
8.27 1
7.755 1
8.21 1
6.895 1
5.417 -1
7.687 1
7.635 1
5.515 -1
4.66 -1
7.68 1
8.11 1
2.94 0
6.93 1
6.28 1
3.81 -1
7 1
5.452 -1
7.76 1
5.782 -1
7.69 1
7.08 1
7.79 1
7.935 1
7.79 1
6.885 -1
5.846 -1
2.44 0
7.067 1
8.14 1
6.57 1
7 1
6.512 -1
4.47 -1
7.22 1
5.083 -1
2.92 0
7.46 1
7.555 1
7.208 1
7.245 1
6.962 -1
7.92 1
8.195 1
5.892 -1
7.815 1
7.36 1
7.79 1
6.869 -1
7.425 1
7.02 1
2.92 0
7.79 1
6.456 1
6.93 1
6.385 1
5.64 1
7.673 1
6.773 1
7.38 1
3.725 -1
2.84 0
7.72 1
3.643 -1
7.295 1
7.027 1
6.9 1
6.92 1
7.79 1
7.55 1
6.206 -1
6.76 1
4.957 -1
7.43 1
7.353 1
5.945 -1
7.55 1
7.81 1
5.1 -1
4.27 -1
6.66 1
7.395 1
5.655 -1
6.65 1
5.075 -1
7.76 1
1.047 6
7.062 1
6.587 -1
5.413 -1
5.437 -1
5.647 -1
6.145 1
7.28 1
5.315 -1
6.278 -1
6.96 1
7.623 1
7.832 1
8.45 1
7.135 1
7.3 1
7.448 1
3.665 -1
5.91 -1
7.395 1
6.802 -1
8.27 1
7.76 1
8.27 1
8.03 1
7.053 1
4.343 -1
8.12 1
7.633 1
7.513 1
7.29 1
8.27 1
7.92 1
3.667 -1
7.78 1
7 1
7.033 1
2 0
7.44 1
3.303 -1
5.925 1
7.18 1
7.446 1
5.603 -1
6.95 1
7.79 1
7 1
7.605 1
7.22 1
7 1
7.84 1
4.1 0
8.03 1
6.477 1
8.27 1
7.06 1
5.066 -1
4.477 -1
5.44 -1
7.827 1
5.497 -1
4.486 -1
7.79 1
7.263 1
2.037 0
6.973 1
7.79 1
5.875 -1
7.377 1
6.965 1
7.063 1
7.685 1
6.36 1
7.244 1
7.175 1
2.3 0
7.91 1
6.65 1
8.08 1
6.483 1
7.84 1
7.79 1
6.93 1
6.93 1
7 1
6.927 1
2.84 0
7.663 1
7.38 1
6.584 -1
6.93 1
7.34 1
8.27 1
4.695 -1
7.76 1
7.337 1
4.093 -1
7.687 1
7.79 1
5.597 -1
7.527 1
7.027 1
7.79 1
5.815 -1
6.65 1
7.85 1
5.297 -1
8.06 1
5.705 -1
7.453 1
5.55 -1
7.445 1
7.496 1
7.575 1
8.313 1
7.087 1
6.16 1
5.2 1
6.65 1
5.22 -1
7.79 1
7.81 1
8.12 1
5.577 -1
7 1
6.54 -1
5.64 1
7.5 1
6.65 1
7.263 1
5.524 -1
7.407 1
6.7 1
3.503 -1
6.715 1
7.22 1
7.545 1
7.69 1
6.52 1
7.92 1
7.795 1
7.6 1
8.45 1
6.763 1
2.92 0
7.79 1
5.549 -1
7.553 1
7.79 1
4.117 -1
7.077 1
1.76 0
1.44 0
7 1
6.64 1
7.72 1
8.195 1
7.975 1
7.79 1
6.327 -1
6.98 1
8.27 1
6.68 -1
7.79 1
6.75 1
5.262 -1
6.47 -1
7.29 1
7 1
3.69 -1
8.1 1
8.12 1
7.39 1
7.937 1
4.855 -1
7 1
7.69 1
7.72 1
8.36 1
7.395 1
6.96 1
7.36 1
7 1
7.497 1
7.855 1
7.46 1
8.05 1
7.79 1
6.7 1
7.76 1
5.837 -1
7.875 1
5.703 -1
8.17 1
8.27 1
7.79 1
7.79 1
4.832 -1
6.106 -1
7.55 1
7.405 1
6.595 -1
7.103 1
8.09 1
7.005 1
4.734 -1
1.63 0
5.575 -1
4.78 -1
7.89 1
5.163 -1
7.92 1
4.97 1
7.105 1
7.89 1
7.79 1
5.517 -1
7 1
8.03 1
8.27 1
6.99 1
2.2 0
2.92 0
7.76 1
6.935 1
7.79 1
7.24 1
6.759 -1
7.183 1
7 1
7.84 1
7.853 1
7.365 1
5.37 -1
7.157 1
8.45 1
5.797 -1
4.05 -1
7.345 1
7.175 1
8.12 1
8.27 1
7.89 1
7.15 1
6.688 1
6.957 1
6.093 -1
7.7 1
7.81 1
6.94 1
6.75 1
8.36 1
6.35 1
6.41 1
8.36 1
6.695 -1
7.72 1
5.605 -1
7.89 1
5.2 -1
7.413 1
4.71 -1
1.56 0
6.314 -1
6.337 -1
6.96 1
7.636 1
7.76 1
7.79 1
7.205 1
7.63 1
2.92 0
5.465 -1
7.76 1
8.12 1
6.97 1
6.93 1
5.413 -1
1.96 0
7.395 1
7.635 1
4.42 -1
7.86 1
7.89 1
6.93 1
1.24 0
7.557 1
8.03 1
0.368 2
8.27 1
1.19 0
7.42 1
7.67 1
7.275 1
6.247 -1
6.701 -1
7.785 1
6.16 1
6.94 1
5.812 -1
7.415 1
7.76 1
8 1
6.702 1
7.373 1
8.037 1
7.92 1
8.57 1
6.72 -1
8.45 1
8.27 1
6.93 1
2.55 0
8.217 1
7.79 1
7.79 1
8.21 1
7.79 1
5.264 -1
7.84 1
7.243 1
7.873 1
7.72 1
7.79 1
7.45 1
1.52 0
8.36 1
3.22 -1
8.27 1
5.157 -1
7.955 1
6.696 -1
4.825 -1
8.305 1
4.463 -1
7.333 1
7.76 1
7.257 1
5.837 -1
7.94 1
8.185 1
7 1
6.193 -1
7.1 1
7.827 1
8.114 1
8.27 1
7.59 1
4.466 -1
7.76 1
7.832 1
7.22 1
7.808 1
5.515 -1
7.22 1
6.93 1
8.14 1
7.527 1
6.902 1
7.36 1
6.545 1
6.406 -1
7.242 1
2.93 0
7.505 1
7 1
6.869 1
7.46 1
8.015 1
3.53 -1
7.027 1
7.493 1
3.96 -1
6.68 1
3.161 -1
8.11 1
2.64 -1
7.285 1
7.79 1
7.453 1
4.92 -1
6.11 1
8.36 1
7 1
6.85 1
7.79 1
7.68 1
8.14 1
7.46 1
5.628 -1
7.86 1
8.27 1
6.02 -1
5.93 -1
7.773 1
7.233 1
4.123 -1
7.7 1
6.765 1
7.354 1
6.65 1
1.145 0
7.94 1
3.35 -1
3.898 -1
7.79 1
4.175 -1
8.21 1
5.387 -1
6.595 1
7.635 1
7.896 1
8.03 1
7.28 -1
7.76 1
6.9 1
7.79 1
7.31 1
7.5 1
7.09 1
6.597 1
7.33 1
7.527 1
7.56 1
3.04 0
7 1
4.1 0
6.644 -1
7.582 1
7.72 1
6.96 1
4.52 -1
7.52 1
7.817 1
7.59 1
7.195 1
7.84 1
4.745 -1
7.76 1
6.727 1
1.63 0
8.21 1
6.99 1
4.188 -1
5.224 -1
6.218 -1
4.96 -1
8.27 1
7.488 1
1.5 0
8.03 1
7.855 1
7 1
7.775 1
7.79 1
6.493 1
7.205 1
7.79 1
7.79 1
7.77 1
6.825 1
1.8 0
7.59 1
6.96 1
8.12 1
7.775 1
6.265 1
7.03 1
7.802 1
7.485 1
2.68 0
7.42 1
7.615 1
7.373 1
6.012 -1
6.777 1
6.71 1
6.727 1
7.84 1
5.883 -1
8.195 1
5.8 -1
7.9 1
8.27 1
2.11 0
1.425 0
7.36 1
7.19 1
7 1
7.84 1
8.27 1
7.252 1
6.765 -1
4.618 -1
6.52 1
6.95 1
6.765 1
7.19 1
8.015 1
7.947 1
7.062 1
3.867 -1
7.8 1
5.35 -1
5.593 -1
2.16 0
5.49 -1
5.48 -1
7.267 1
2.54 0
7.36 1
7.228 1
7.78 1
7.28 1
7.537 1
1.995 0
8.16 1
7.79 1
7.214 1
7.717 1
6.71 1
7.294 1
0.54 0
8.36 1
6.95 -1
7.247 1
7.97 1
6.656 -1
7.79 1
7.175 1
6.18 -1
7.803 1
8.12 1
6.747 1
7.072 1
8.27 1
5.215 -1
7.687 1
6.3 1
8.167 1
6.73 1
7.79 1
5.647 -1
7.975 1
7.156 1
7.27 1
7.223 1
6.835 1
6.735 1
7.558 1
8.21 1
3.756 -1
7.845 1
7.663 1
6.624 1
8.12 1
7.94 1
3.405 -1
7.153 1
7.2 1
3.45 -1
7.76 1
6.303 1
6.16 1
7.01 1
8.195 1
6.02 -1
7.34 1
7.24 1
6.904 1
8.015 1
7.59 1
7.747 1
8.085 1
4.91 -1
7.98 1
7.84 1
8.12 1
8.13 1
7.89 1
5.994 -1
7.81 1
6.695 1
7.451 1
7.73 1
6.07 1
8.45 1
8.27 1
2.787 0
2.75 0
6.11 1
3.978 -1
7.9 1
3.587 -1
8.03 1
7.59 1
7.62 1
2.93 0
7.067 1
5.88 -1
6.965 1
7.755 1
5.64 -1
7 1
7 1
4.52 -1
6.8 1
8.03 1
6.547 -1
7.4 1
7.64 1
7.43 1
7.328 1
1.985 0
7.835 1
1.415 0
8.075 1
7.79 1
6.242 -1
6.915 1
7.375 1
7.554 1
1.94 0
7.06 1
2.93 0
2.04 0
7.567 1
4.19 -1
7.02 1
2.61 0
7.52 1
6.93 1
7.808 1
7.79 1
7.95 1
4.257 -1
6.158 -1
5.52 -1
7.73 1
7.787 1
8.03 1
8.277 1
1.07 0
8.27 1
7.79 1
6.38 1
5.84 -1
6.853 1
7.487 1
7.405 1
5.73 -1
5.2 1
6.6 1
5.495 -1
7.88 1
6.803 1
1.72 0
7.38 1
4.8 -1
5.44 -1
5.487 -1
7.89 1
7.353 1
6.326 -1
1.56 0
5.902 -1
1.365 0
5.561 -1
6.93 1
7.577 1
5.685 -1
7.063 1
7.79 1
8.27 1
8.45 1
5.39 -1
7.468 1
3.084 -1
6.213 1
7.343 1
5.33 1
6.6 1
7.365 1
2.17 0
6.16 -1
7.957 1
8.18 1
7.473 1
7.46 1
6.886 1
8.04 1
2.865 -1
5.63 -1
7.145 1
4.87 -1
7.473 1
3.657 -1
6.596 -1
8.21 1
7.395 1
3.44 -1
6.535 -1
4.375 -1
5.827 -1
6.127 -1
4.855 -1
5.128 -1
7.713 1
6.9 1
6.438 -1
7.437 1
6.213 -1
8.09 1
7.445 1
1.26 0
6.498 -1
1.89 0
6.68 1
8.12 1
6.152 -1
7.613 1
2.92 0
2.937 -1
3.47 0
6.233 -1
7.556 1
4.515 -1
4.76 -1
2.92 0
5.57 -1
5.033 -1
7.57 1
4.873 -1
7.607 1
5.115 -1
5.54 -1
5.257 -1
7.25 1
7.802 1
7.92 1
6.24 1
5.052 -1
7.625 1
7 1
6.451 -1
6.165 1
5.428 -1
5.734 -1
7.055 1
6.54 -1
6.275 -1
8.03 1
2.483 -1
4.77 -1
3.69 -1
2.44 0
3.825 -1
6.902 1
7.775 1
5.597 -1
6.818 -1
6.91 1
6.078 -1
6.36 1
5.198 -1
7.734 1
6.19 -1
6.877 1
6.95 1
2.755 -1
6.6 1
3.066 -1
4.575 -1
5.312 -1
7.635 1
7.3 1
5.656 -1
4.17 -1
4.335 -1
7.673 1
4.572 -1
6.56 1
7.62 1
1.69 0
6.146 -1
7.84 1
2.163 0
8.195 1
3.038 -1
5.56 -1
4.412 -1
7.113 1
7.087 1
6.42 -1
8.45 1
7.647 1
7.625 1
7.635 1
8.11 1
5.901 -1
7.03 1
6.93 1
7.388 1
2.922 -1
2.803 -1
7 1
7 1
7.478 1
7.35 1
7.395 1
2.18 0
4.525 -1
7.617 1
6.705 1
7.745 1
8.04 1
7.57 1
7.627 1
7.257 1
7.19 1
7.927 1
6.39 1
8.45 1
7.098 1
7.56 1
5.21 -1
6.08 -1
4.63 -1
7.131 1
6.87 -1
2.11 0
2.93 0
6.965 1
5.489 -1
6.265 1
7.516 1
4.684 -1
6.54 1
8.105 1
6.881 1
1.59 0
7 1
1.412 0
6.79 1
7.4 1
7.36 1
5.2 1
7.103 1
4.885 -1
7.537 1
4.018 -1
6.814 -1
5.19 -1
7.392 1
2.546 0
2.92 0
6.972 1
8.03 1
7.395 1
7.542 1
6.38 1
8.27 1
8.36 1
5.369 -1
6.765 1
6.29 -1
8.075 1
7.025 1
4.745 -1
5.503 -1
7.183 1
6.277 -1
7.253 1
6.185 1
5.275 -1
5.695 -1
6.651 -1
5.92 -1
5.706 -1
8.27 1
6.65 1
6.13 -1
7.077 1
8.07 1
5.655 -1
5.103 -1
5.903 -1
1.93 0
8.27 1
7.81 1
7.76 1
1.667 0
5.61 -1
7.955 1
5.6 -1
7.223 1
6.96 1
3.59 -1
6.52 -1
7 1
7.493 1
7.677 1
6.12 1
6.376 -1
4.68 -1
7.17 1
7.46 1
7.89 1
6.817 1
3.02 -1
8.36 1
6.17 -1
7.103 1
7.79 1
7.955 1
7.227 1
5.327 -1
7.646 1
7.14 1
5.453 -1
4.945 -1
6.32 -1
8.03 1
2.92 0
5.703 -1
4.165 -1
7.474 1
6.63 1
6.529 -1
7.702 1
5.698 -1
7.492 1
6.11 1
6.065 1
7.723 1
8.16 1
2.88 0
7.995 1
7 1
8.055 1
6.026 -1
2.195 0
6.237 -1
5.298 -1
1.812 0
7.79 1
5.67 -1
2.84 0
7.066 1
7.235 1
1.56 0
6.416 -1
6.162 -1
1.72 0
3.763 -1
5.432 -1
7 1
5.96 -1
3.902 -1
3.363 -1
7.395 1
2.773 -1
6.683 1
5.533 -1
6.965 1
5.416 -1
1.49 0
7.438 1
4.615 -1
5.904 -1
3.655 -1
7.162 1
4.11 -1
4.72 -1
4.36 -1
3.79 -1
7.425 1
7.95 1
5.107 -1
7.435 1
7.427 1
5.278 -1
5.72 -1
5.355 -1
6.59 1
3.44 -1
6.12 1
1.395 0
7.728 1
5.914 -1
7.895 1
4.56 -1
6.6 1
7.975 1
1.63 0
7.67 1
6.273 -1
6.44 -1
5.06 -1
7.79 1
1.43 0
5.543 -1
7.25 1
6.52 1
7.263 1
7.544 1
6.498 -1
7.08 1
6.014 -1
4.216 -1
7.79 1
7.685 1
6.572 1
7 1
4.74 -1
5.608 -1
6.155 -1
6.695 1
6.76 1
0.84 0
6.847 -1
7.32 1
7.448 1
8.27 1
5.55 -1
7.965 1
6.916 -1
3.865 -1
7 1
7.79 1
7.89 1
7.92 1
5.975 -1
4.085 -1
6.147 -1
7.76 1
5.85 -1
7.03 1
2.54 0
6.237 -1
6.322 -1
5.557 -1
7.397 1
7.945 1
7.548 1
1.44 0
4.31 -1
5.268 -1
4.475 -1
7.36 1
5.343 -1
6.334 -1
7 1
5.448 -1
6.44 -1
7.045 1
1.12 0
3.624 -1
6.52 -1
7.987 1
8.27 1
7.76 1
6.4 -1
6.462 1
6.132 -1
4.827 -1
5.22 -1
5.285 -1
7.705 1
6.947 1
4.335 -1
2.92 0
7.76 1
8.015 1
6.472 -1
6.442 -1
7.16 1
8.21 1
7.59 1
2.17 0
6.83 -1
6.55 -1
4.343 -1
7.995 1
8.16 1
6.252 -1
0.93 0
5.903 -1
7.91 1
3.633 -1
6.73 1
7.79 1
6.014 -1
6.3 1
1.56 0
5.858 -1
7.79 1
6.575 -1
7.093 1
2.53 -1
6.96 1
6.33 1
7.38 1
5.964 -1
5.07 -1
7.016 -1
8.16 1
6.293 -1
3.423 -1
7.72 1
3.19 -1
7.2 1
7.005 1
7.093 1
4.28 -1
0.7 0
6.573 1
7.52 1
6.41 1
7.47 1
7.057 1
7.03 1
7.492 1
7.45 1
5.158 -1
6.747 1
8.27 1
4.133 -1
6.49 1
7.44 1
2.97 0
6.805 -1
7.865 1
1.44 0
6.833 -1
6.022 -1
6.52 1
7.76 1
8.12 1
7.071 1
5.197 -1
5.11 -1
6.473 1
5.86 -1
6.875 1
5.34 -1
7.05 1
5.998 -1
1.94 0
6.215 -1
7.54 1
4.65 -1
7.525 1
7.725 1
7 1
7.88 1
7.855 1
4.855 -1
7.256 1
6.7 1
1.525 0
6.685 1
8.27 1
6.97 1
4.13 -1
7.553 1
7.36 1
5.96 -1
5.881 -1
6.97 1
7.79 1
7.386 1
6.935 1
6.74 1
6.59 1
7.365 1
7.605 1
8.27 1
7.435 1
8.17 1
4.674 -1
2.84 0
7.57 1
4.824 -1
6.93 1
1.44 0
7.17 1
5.647 -1
6.748 -1
7.248 1
2.04 0
7.79 1
4.778 -1
4.755 -1
6.596 -1
6.59 1
6.637 -1
6.06 -1
5.025 -1
6.426 -1
4.882 -1
7.59 1
5.077 -1
8.27 1
6.059 -1
7.483 1
5.613 -1
7.233 1
7.308 1
7.553 1
6.573 1
7.454 1
6.12 1
5.12 -1
7.84 1
1.98 0
3.645 -1
6.55 -1
5.075 -1
2.39 0
6.678 -1
7.66 1
6.998 1
3.775 -1
7.603 1
5.545 -1
6.539 -1
6.487 -1
6.387 -1
7.524 1
6.787 1
3.767 -1
7.313 1
7.36 1
6.542 -1
6.65 1
7.92 1
1.63 0
6.862 -1
7.225 1
6.017 -1
6.501 -1
7 1
7.055 1
4.26 -1
6.65 1
7.063 1
6.93 1
1.613 0
7.497 1
7.275 1
7.545 1
7.68 1
5.598 -1
7.732 1
5.5 -1
6.65 1
6.759 -1
5.543 -1
6.938 1
5.83 -1
6.823 1
8.033 1
7.74 1
7.657 1
2.81 -1
4.822 -1
6.675 1
2.272 0
7.195 1
7.46 1
5.773 -1
1.5 0
7.493 1
7.375 1
8.16 1
7.78 1
6.855 1
6.548 1
3.26 0
2.675 0
7.89 1
7 1
1.24 0
5.113 -1
7.015 -1
6.728 1
7.887 1
7.7 1
5.74 1
7.287 1
5.202 -1
3.117 -1
5.595 -1
7.847 1
6.397 -1
8.23 1
7.92 1
4.78 -1
6.375 1
2.29 0
6.668 -1
4.163 -1
7.27 1
6.773 1
6.53 1
5.688 -1
7.79 1
7.27 1
5.698 -1
4.925 -1
7.845 1
7.79 1
7.71 1
7.71 1
7.888 1
3.603 -1
5.022 -1
7.15 1
6.042 -1
7.713 1
6.457 1
7.503 1
1.89 0
8.09 1
6.925 1
6.752 1
7.81 1
5.15 -1
7.56 1
6.65 1
7.775 1
7.53 1
7.393 1
5.675 -1
6.867 1
6.377 -1
8.21 1
7.43 1
5.93 -1
6.93 1
5.855 1
7.79 1
7.535 1
5.913 -1
7.69 1
5.893 -1
7.229 1
6.21 -1
7.27 1
4.105 -1
6.494 -1
6.805 -1
8.055 1
7.36 1
6.96 1
6.146 -1
1.44 0
7.345 1
3.588 -1
7.756 1
7.378 1
4.633 -1
7.21 1
8.03 1
5.48 -1
4.77 -1
7.085 1
7.79 1
1.685 0
6.078 -1
6.63 1
7.94 1
7.56 1
4.44 -1
7.79 1
6.835 1
6.747 1
7.79 1
6.903 1
5.813 -1
1.52 0
4.941 -1
6.42 1
7.89 1
5.752 -1
7 1
6.173 -1
7.079 1
5.755 -1
7.052 1
6.795 1
4.585 -1
5.625 -1
3.478 -1
6.305 -1
7.093 1
7.115 1
7.232 1
6.957 -1
5.003 -1
7.76 1
8.03 1
8.21 1
7.093 1
5.218 -1
6.96 -1
7.79 1
6.172 -1
8.055 1
4.52 -1
7.82 1
6.26 -1
7.557 1
7.59 1
6.695 1
7.797 1
6.56 -1
7.76 1
5.638 -1
3.773 -1
6.49 -1
6.407 1
7.533 1
5.985 -1
4.505 -1
7.51 1
5.326 -1
5.814 -1
1.32 0
6.93 1
7.89 1
6.483 -1
4.565 -1
7.757 1
3.04 0
7.667 1
6.115 1
6.783 1
5.797 -1
5.72 -1
6.84 -1
6.4 -1
7.23 1
8.45 1
5.98 -1
6.02 -1
6.837 1
5.045 -1
5.04 1
5.314 -1
1.44 0
7.725 1
7.305 1
7.932 1
6.105 -1
7.76 1
7.97 1
8.27 1
7.51 1
5.155 -1
1.44 0
8.015 1
7.79 1
6.988 1
5.422 -1
7.46 1
4.905 -1
5.87 -1
6.698 1
5.293 -1
7.692 1
7.474 1
6.92 1
4.455 -1
7.22 1
6.59 1
2.835 0
5.53 -1
4.38 -1
5.94 -1
6.67 1
7.29 1
7.607 1
4.327 -1
7.827 1
2.84 0
7.406 1
5.022 -1
8.097 1
7.405 1
7.97 1
4.63 -1
2.195 0
3.49 -1
7 1
6.75 1
3.143 -1
7.65 1
5.107 -1
7.38 1
4.54 -1
7.4 1
7.08 1
7.723 1
7.79 1
5.931 -1
7.643 1
4.355 -1
5.498 -1
6.765 -1
6.919 1
5.36 -1
8.21 1
7.34 1
7.285 1
4.96 -1
7.03 1
7.615 1
7.79 1
4.675 -1
8.45 1
7.79 1
5.72 -1
3.71 -1
7 1
7.685 1
1.3 0
7.92 1
7.585 1
5.837 -1
6.56 1
5.12 -1
5.395 -1
6.637 1
5.327 -1
8.08 1
7.79 1
7.186 1
7.737 1
6.6 1
8 1
8.21 1
7.3 1
7.835 1
6.68 1
7.52 1
7.02 1
8 1
5.14 -1
4.782 -1
6.385 1
7.861 1
6.138 -1
5.215 -1
7.36 1
7.275 1
7.486 1
7.702 1
5.407 -1
7.127 1
7.21 1
4.06 -1
4.783 -1
1.58 0
8.27 1
1.67 0
5.086 -1
3.722 -1
5.133 -1
1.64 0
7.19 1
6.567 -1
7.626 1
7.74 1
7.377 1
7.613 1
4.13 0
6.906 1
5.925 1
5.429 -1
6.91 1
4.56 -1
3.47 0
7.723 1
7 1
5.404 -1
1.56 0
5.67 -1
7.065 1
5.365 -1
4.235 -1
7.662 1
6.78 1
1.947 0
6.194 -1
1.76 0
4.653 -1
4.48 -1
7.723 1
6.453 1
5.435 -1
3.915 -1
7.45 1
7.433 1
4.19 -1
6.65 1
6.324 -1
7.38 1
8.105 1
6.48 -1
6.292 -1
4.13 0
3.858 -1
6.993 1
6.505 -1
6.992 1
7.663 1
6.978 1
7.737 1
6.68 -1
7.262 1
7.765 1
8.27 1
7.89 1
5.67 -1
6.103 -1
6.6 1
6.555 1
4.518 -1
7.907 1
1.12 0
7.79 1
5.345 -1
7.747 1
5.755 -1
7.38 1
6.334 -1
6.786 1
7.04 1
7.867 1
5.69 -1
7.532 1
1.72 0
7.72 1
8.027 1
7.537 1
7.083 1
5.945 -1
7.39 1
4.665 -1
5.652 -1
4.32 0
6.899 1
7.112 1
3.597 -1
4.78 -1
7.34 1
6.247 -1
7 1
5.39 -1
8.27 1
6.24 1
7.503 1
6.8 1
7.247 1
8.57 1
5.326 -1
6.52 1
7.14 1
7.762 1
7.79 1
8.12 1
4.43 -1
7.955 1
6.653 1
7.79 1
6.88 1
1.47 0
5.823 -1
7.184 1
3.486 -1
5.6 -1
8.27 1
5.547 -1
5.877 -1
5.665 -1
4.56 -1
2.61 0
7.38 1
6.36 1
4.5 -1
5.62 1
3.133 0
7.565 1
8.03 1
5.09 -1
6.84 1
4.855 -1
3.917 -1
7.482 1
7.667 1
3.43 -1
8.14 1
3.3 -1
7.36 1
7.205 1
5.537 -1
6.56 -1
6.383 -1
4.412 -1
6.034 -1
3.25 -1
4.819 -1
4.297 -1
7.642 1
8.12 1
6.012 -1
0.83 0
4.845 -1
7.38 1
5.433 -1
7.79 1
6.104 -1
7.003 1
7.253 1
6.11 -1
4.41 -1
5.2 1
7.92 1
4.845 -1
7.267 1
7.62 1
7.09 1
7.16 1
7.257 1
6.878 1
7.327 1
5.744 -1
7.3 1
6.005 -1
5.952 -1
6.015 -1
8.12 1
4.56 -1
5.893 -1
3.807 -1
1.07 0
7.59 1
7.38 1
6.517 -1
1.75 0
6.7 1
3.04 0
7.34 1
7.915 1
6.463 -1
5.767 -1
7.16 1
7.205 1
7.678 1
6.362 -1
6.91 -1
7.3 1
3.163 -1
7.89 1
8.45 1
3.517 -1
7.085 1
7.543 1
1.76 0
7.72 1
8.45 1
4.22 -1
6.285 -1
6.3 1
4.612 -1
7.827 1
6.828 -1
4.197 -1
6.79 1
4.428 -1
7.65 1
2.4 0
6.2 -1
7.137 1
7.486 1
5.155 -1
6.465 -1
8.27 1
6.845 -1
4.93 -1
3.273 -1
7.79 1
6.722 -1
4.12 -1
4.292 -1
6.214 -1
7.058 1
5.76 -1
6.893 1
6.244 -1
1.24 0
6.058 -1
8.16 1
4.76 -1
6.299 -1
8.24 1
7.02 1
1.5 0
3.227 -1
8.05 1
7.447 1
7.81 1
7.965 1
7.92 1
4.44 0
1.76 0
6.59 1
6.623 -1
7.173 1
3.435 -1
5.023 -1
5.2 1
6.66 -1
4.808 -1
4.615 -1
8.305 1
7.643 1
8.27 1
7.357 1
6.403 -1
7.79 1
5.978 -1
7.557 1
4.965 -1
5.442 -1
4.28 -1
7.208 1
6.746 -1
7.415 1
7.02 1
6.194 -1
5.64 1
6.383 -1
5.76 -1
5.502 -1
5.661 -1
2.92 0
6.433 1
7.32 1
6.296 -1
7.12 1
7.76 1
5.587 -1
8.36 1
7.195 1
6.388 -1
6.795 1
6.306 -1
6.53 -1
7.407 1
6.98 1
6.178 -1
7.79 1
8.21 1
7.247 1
7.237 1
7 1
8.16 1
5.805 -1
2.02 0
3.47 0
5.114 -1
5.837 -1
4.608 -1
8.27 1
5.23 -1
7.02 1
7.503 1
5.985 1
6.832 1
3.04 0
7.12 1
6.05 -1
7.38 1
2.92 0
8.21 1
4.527 -1
7.256 1
5.575 -1
1.62 0
1.627 0
7.89 1
6.863 1
1.12 0
7.345 1
8.05 1
6.482 -1
7.484 1
6.76 1
7.79 1
6.223 -1
6.65 1
8.085 1
7.66 1
7.55 1
5.297 -1
7.625 1
4.8 -1
4.828 -1
7.478 1
6.819 -1
6.226 -1
7.862 1
7.605 1
7.475 1
3.97 -1
1.565 0
7.79 1
1.36 0
7.545 1
6.775 1
7.726 1
6.843 1
5.11 -1
8.03 1
1.76 0
5.546 -1
6.595 -1
7.03 1
2.84 0
6.073 -1
7.41 1
5.655 1
7.79 1
4.915 -1
6.592 -1
7.505 1
3.46 -1
3.47 0
7.79 1
5.81 -1
7.865 1
6.64 1
5.693 -1
6.2 -1
7.25 1
5.251 -1
2.36 0
7.603 1
5.43 -1
6.251 -1
7.823 1
6.974 1
8.12 1
2.84 0
7.92 1
6.002 -1
6.803 -1
3.747 -1
6.58 1
1.11 0
7.205 1
7.68 1
4.243 -1
5.713 -1
7.24 1
7.897 1
8.57 1
8.45 1
7.437 1
4.825 -1
5.241 -1
6.737 -1
7.033 1
2.93 0
7.18 1
5.885 -1
8.27 1
7.78 1
1.497 0
6.883 1
4.263 -1
7.72 1
4.152 -1
6.21 -1
5.323 -1
8.21 1
7 1
3.443 -1
7.583 1
7.525 1
8.03 1
7.085 1
7.096 -1
8.36 1
4.772 -1
8.23 1
1.522 0
7.798 1
7.178 1
7.79 1
7.631 1
6.032 -1
1 0
7.75 1
5.853 -1
6.018 -1
6.883 1
5.2 1
8.255 1
8.03 1
7.137 1
4.05 -1
7.097 1
7.663 1
4.285 -1
7.395 1
6.455 1
7.1 1
7.87 1
6.57 1
8.16 1
7.963 1
7.66 1
6.65 1
6.396 -1
7.49 1
3.68 -1
2.343 0
7.077 1
5.655 -1
6.183 -1
6.65 -1
6.495 1
8.045 1
7.22 1
7.71 1
6.567 1
7.92 1
5.683 -1
7.16 1
5.035 -1
6.65 1
7.333 1
7.727 1
6.079 -1
1.6 0
5.638 -1
7.64 1
0.84 0
7.597 1
7.94 1
6.8 1
5.117 -1
7.205 1
7.59 1
7.01 1
7.79 1
7.76 1
6.23 -1
7.515 1
8.16 1
5.898 -1
6.32 1
7.315 1
7.22 1
7.832 1
7.295 1
5.63 -1
5.366 -1
6.347 -1
7.79 1
7.775 1
6.96 1
8.053 1
7.312 1
5.678 -1
7.79 1
5.912 -1
4.108 -1
5.54 -1
5.21 -1
6.398 -1
2.84 0
8.03 1
6.102 -1
7.16 1
6.742 1
5.398 -1
7.02 1
5.241 -1
7.52 1
7.198 1
6.72 1
7.633 1
6 -1
5.798 -1
7.388 1
5.873 -1
5.845 -1
6.68 1
7.503 1
6.96 1
6.265 -1
5.963 -1
6.065 -1
8.45 1
5.883 -1
7.145 1
7.762 1
6.537 -1
8.42 1
5.841 -1
6.93 1
7.687 1
5.58 -1
8.12 1
8.21 1
4.765 -1
3.47 0
7.32 1
5.563 -1
8.16 1
5.257 -1
7.275 1
2.407 0
6.96 1
5.32 -1
5.6 1
8.45 1
6.912 -1
2.876 -1
6.665 1
7.145 1
6.927 1
7.115 1
7.332 1
7.695 1
7.79 1
2.915 0
8.285 1
6.445 -1
6.782 1
1.6 0
7.015 1
3.513 -1
6.875 1
6.97 1
7.46 1
5.997 -1
5.487 -1
3.883 -1
3.887 -1
6.236 -1
8.07 1
7.633 1
6.24 1
2.77 0
4.922 -1
5.567 -1
7.41 1
7.79 1
7.76 1
5.68 1
7.39 1
7.852 1
2.52 0
6.93 1
2.855 -1
5.455 -1
7.016 1
2.56 -1
7.068 1
7.877 1
5.772 -1
5.68 -1
7 1
8.24 1
3.9 -1
2.92 0
7.3 1
6.96 1
1.987 0
7 1
5.287 -1
5.977 -1
4.895 -1
5.272 -1
6.303 -1
7.36 1
1.45 0
6.11 -1
7.38 1
1.815 0
5.317 -1
7 1
3.453 -1
6.68 1
7.79 1
7.198 1
7.395 1
8.27 1
6.32 1
3.04 0
6.525 1
7.677 1
6.135 -1
5.688 -1
8.16 1
3.1 0
5.2 -1
6.12 1
7.097 1
8.04 1
5.08 -1
7.9 1
7.24 1
6.65 1
6.069 -1
7.167 1
7.493 1
2.71 -1
7.607 1
7.975 1
7.25 1
3.477 -1
6.67 1
8 1
6.02 -1
5.2 1
4.16 -1
6.172 -1
6.49 1
8.043 1
7.21 1
7 1
4.865 -1
4.86 -1
2.93 0
8.205 1
7.81 1
6.245 -1
6.375 -1
4.678 -1
2.92 0
8.27 1
7.507 1
4.01 -1
6.63 1
6.96 1
6.012 -1
7.847 1
4.353 -1
7.38 1
7.545 1
2.595 0
1.17 0
7.198 1
7.918 1
1.48 0
7.92 1
7.165 1
8.45 1
6.115 -1
4.505 -1
5.822 -1
7.635 1
6.59 1
5.712 -1
6.265 1
7.4 1
7.79 1
7.258 1
8.107 1
5.889 -1
7.353 1
8.36 1
7.52 1
3.425 -1
2.92 0
7.79 1
7.677 1
6.027 -1
6.937 1
5.783 -1
6.183 -1
7.89 1
7.61 1
7.845 1
8.02 1
6.718 -1
5.48 -1
4.716 -1
5.867 -1
7.78 1
6.168 -1
5.03 -1
4.12 -1
2.884 -1
5.52 -1
7.22 1
6.987 1
7.355 1
5.174 -1
7.79 1
5.743 -1
2.94 -1
8.27 1
7.58 1
4.728 -1
7.345 1
8.12 1
6.793 1
6.254 -1
7.05 1
5.006 -1
4.18 -1
6.765 1
6.742 1
7.038 -1
6.28 -1
5.878 -1
7.943 1
3.32 -1
6.362 -1
5.426 -1
7.398 1
6.063 -1
3.923 -1
7.135 1
7.38 1
8.22 1
5.757 -1
7.77 1
6.547 1
7.08 1
1.44 0
7.81 1
7 1
6.875 1
6.753 1
7.287 1
6.52 1
7.723 1
6.433 -1
6.76 1
5.537 -1
6.03 -1
5.927 -1
2.16 0
7 1
5.247 -1
7.527 1
4.963 -1
5.685 -1
6.92 1
7.65 1
5.157 -1
7.175 1
0.84 0
7.815 1
8.12 1
1.44 0
6.933 1
4.26 -1
8.03 1
4.479 -1
8.083 1
8.03 1
7 1
6.918 -1
7.647 1
6.65 1
8.27 1
7.79 1
5.04 -1
5.62 1
8.03 1
4.782 -1
7.304 1
7.613 1
6.965 1
7.76 1
5.723 -1
6.61 1
2.485 0
7.79 1
6.442 -1
4.876 -1
7.344 1
7.316 1
6.807 1
7.196 1
5.027 -1
7.89 1
8.185 1
6.255 -1
7.52 1
6.5 1
2.52 0
1.32 0
5.6 1
7.72 1
6.647 -1
5.562 -1
8.04 1
6.78 1
5.143 -1
8.185 1
8.195 1
7.41 1
7.79 1
5.52 -1
7.27 1
7.823 1
7.76 1
6.623 1
8.203 1
5.368 -1
6.88 1
5.284 -1
6.986 1
6.8 1
4.647 -1
7 1
6.975 1
1.728 0
7.098 1
6.303 -1
6.555 1
5.6 1
7.342 1
6.14 -1
6.822 1
7.26 1
0.84 0
7.693 1
7.3 1
7.26 1
7.402 1
6.528 -1
7.162 1
7.545 1
7.022 1
4.874 -1
6.912 1
6.96 1
7.044 1
5.455 -1
6.457 -1
5.757 -1
6.14 -1
5.463 -1
6.463 -1
5.257 -1
5.974 -1
7.79 1
7.332 1
6.428 1
5.613 -1
6.54 -1
7.083 1
8.03 1
4.623 -1
6.412 -1
7.247 1
7.414 1
8.12 1
5.533 -1
6.695 1
7.046 1
6.197 1
4.952 -1
7.275 1
6.773 1
6.99 1
6.73 -1
6.93 1
7.79 1
5.512 -1
7.235 1
2.92 0
6.473 -1
6.93 1
8.27 1
4.045 -1
4.515 -1
6.692 1
1.44 0
8.27 1
7.72 1
7.12 1
6.447 1
7.527 1
7.79 1
5.653 -1
7.137 1
2.9 -1
5.757 -1
6.65 1
3.998 -1
6.087 -1
5.6 1
6.592 1
7.8 1
6.957 1
7.397 1
5.12 -1
7.23 1
4.695 -1
6.93 1
2.88 0
7.305 1
7.22 1
7.455 1
6.765 1
7.89 1
3.973 -1
3.783 -1
6.76 1
6.735 1
5.6 1
1.893 0
4.975 -1
5.49 -1
7.19 1
6.9 1
6.77 1
8.08 1
7.915 1
7.89 1
6.46 -1
5.657 -1
7 1
7.363 1
7.775 1
7.122 1
6.53 1
7.11 1
3.17 -1
4.885 -1
7.072 1
8.03 1
7 1
7.03 1
7.083 1
4.79 -1
6.18 1
7.565 1
4.03 -1
2.84 0
1.24 0
1.12 0
1.72 0
2.52 0
6.93 1
4.997 -1
7.09 1
8.17 1
6.307 -1
7.44 1
7.535 1
7.622 1
7.89 1
3.47 0
3.69 -1
5.877 -1
6.56 1
8.037 1
1.26 0
3.983 -1
5.585 -1
7.573 1
3.92 -1
6.76 1
7.36 1
6.93 1
8.055 1
6.56 1
6.65 1
1.44 0
5.559 -1
7.655 1
7.22 1
7.96 1
7.158 1
1.17 0
7.263 1
7.79 1
5.74 1
7.563 1
6.306 -1
4.24 -1
1.66 0
7.43 1
7.725 1
5.765 -1
3.4 -1
5.716 -1
7.652 1
7.956 1
6.348 -1
2.08 0
6.65 1
5.918 -1
6.307 1
4.897 -1
7.685 1
8.12 1
6.788 1
7.425 1
7.23 1
7.595 1
7.79 1
8.215 1
7.525 1
7.79 1
5.3 -1
8.143 1
2.84 0
4.297 -1
2.48 -1
3.846 -1
3.57 -1
7.36 1
6.037 -1
1.26 0
8.45 1
7.982 1
6.825 1
6.838 -1
7.292 1
5.268 -1
6.037 -1
3.755 -1
7.114 1
7.114 1
7.713 1
5.952 -1
6.086 -1
6.022 -1
7.654 1
7.217 1
7.545 1
4.215 -1
8.27 1
8.195 1
6.947 1
6.56 1
6.845 1
1.26 0
7.89 1
6.348 -1
6.917 1
2.697 -1
7.847 1
7.22 1
7.434 1
1.31 0
7.595 1
5.433 -1
5.672 -1
7.888 1
5.26 -1
7.79 1
6.93 1
7.79 1
8.12 1
7.13 1
7.06 1
5.405 -1
5.405 -1
6.287 -1
6.392 -1
3.51 -1
6.88 1
4.503 -1
6.076 -1
7.095 1
4.19 -1
5.6 -1
4.814 -1
7.228 1
6.876 -1
7.997 1
6.08 -1
7.31 1
4.477 -1
8.27 1
1.35 0
6.8 1
7.72 1
6.055 -1
7.32 1
7.79 1
7.45 1
7.79 1
5.6 1
5.5 -1
2.36 0
5.821 -1
7.79 1
3.592 -1
7.405 1
8.14 1
1.023 0
7.015 1
7.213 1
5.4 -1
3.897 -1
5.01 -1
6.76 1
7.81 1
1.305 0
2.43 0
4.676 -1
7.57 1
5.207 -1
6.137 -1
6.76 1
3.577 -1
4.79 -1
7.195 1
6.817 -1
7.075 1
7.955 1
5.2 1
5.11 -1
7.34 1
7.432 1
4.27 -1
7.045 -1
6.723 1
6.384 -1
4.515 -1
7.79 1
8.45 1
7.285 1
5.925 1
5.33 -1
2.754 -1
1.76 0
6.055 -1
6.96 1
7.293 1
5.746 -1
7.08 1
6.73 1
7.377 1
2.675 0
6.3 -1
6.782 1
7.89 1
7.38 1
6.455 -1
7.21 1
8.27 1
5.24 -1
7.355 1
6.364 -1
7.787 1
7.295 1
8.08 1
6.91 1
6.8 -1
4.615 -1
6.993 1
6.695 1
7.02 1
8.45 1
7.643 1
6.596 -1
6.081 -1
1.583 0
6.567 1
7.76 1
6.857 -1
5.6 1
5.773 -1
6.551 -1
7.79 1
5.329 -1
4.952 -1
7.593 1
6.073 -1
6.927 1
7.79 1
7.44 1
6.705 1
7.565 1
6.842 -1
5.177 -1
7.19 1
5.647 -1
7.79 1
7.625 1
6.2 -1
6.49 1
6.93 1
5.614 -1
7.154 1
7.154 1
7.28 1
3.67 -1
6.533 -1
5.864 -1
6.251 -1
7.773 1
7.587 1
6.685 1
6.14 -1
5.985 1
4.58 -1
6.49 -1
6.263 -1
7.975 1
5.016 -1
5.52 -1
7.266 1
8.45 1
7.79 1
7.387 1
3 -1
4.005 -1
1.44 0
5.61 -1
4.493 -1
5.545 -1
7.84 1
7.985 1
4.13 -1
7.9 1
7.81 1
4.615 -1
7.79 1
1.12 0
8.03 1
7.84 1
2.305 0
6.362 -1
5.3 -1
4.463 -1
4.674 -1
3.427 0
5.36 -1
3.377 -1
4.615 -1
6.142 -1
5.595 -1
7.29 1
3.57 -1
7.477 1
7.195 1
7.22 1
6.754 1
6.93 1
1.965 0
7.252 1
7.395 1
6.557 -1
5.45 -1
4.37 -1
5.714 -1
6.912 1
8.57 1
6.88 1
6.86 -1
7.437 1
1.405 0
2.52 0
6.492 -1
2.92 0
6.68 1
7.977 1
6.29 -1
1.17 0
7.84 1
7.269 1
7.79 1
7.75 1
2.2 0
2.05 0
7.725 1
6.65 1
8.12 1
8.45 1
7.572 1
5.723 -1
5.913 -1
6.986 1
7 1
5.717 -1
6.12 -1
7.79 1
7.103 1
6.015 -1
6.728 1
7.825 1
6.59 1
7.5 1
7 1
6.296 -1
7.205 1
6.772 -1
7.096 1
3.76 -1
7.015 1
1.01 0
6.06 -1
6.71 1
6.735 1
8.21 1
3.04 0
6.177 -1
4.28 -1
2.44 0
7.233 1
6.98 1
7.2 1
7.135 1
7.32 1
6.485 -1
7.92 1
7.76 1
6.787 1
7.89 1
5.74 1
7.79 1
7.275 1
4.033 -1
7.51 1
6.96 1
7.855 1
7.153 1
7.79 1
7.545 1
4.132 -1
6.36 1
2.402 0
7.264 1
4.107 -1
7.36 1
6.795 1
8.04 1
7.79 1
6.316 1
7.79 1
7.613 1
4.268 -1
6.56 1
8.16 1
7.35 1
6.36 1
7.63 1
1.76 0
6.565 -1
7.76 1
0.97 0
1.52 0
7.92 1
6.498 -1
2.98 0
6.463 -1
6.88 1
7.345 1
7.09 1
7.89 1
3.517 -1
4.915 -1
7.965 1
1.56 0
7.79 1
1.44 0
5.495 -1
2.84 0
5.63 -1
5.84 -1
4.78 -1
5.561 -1
5.423 -1
2.92 0
5.217 -1
5.781 -1
7.79 1
4.28 -1
7.427 1
3.47 0
6.033 -1
4.75 -1
5.74 1
4.115 -1
1.44 0
6.25 -1
7.84 1
6.075 1
6.04 1
1.5 0
6.695 1
6.725 -1
6.3 1
7.387 1
6.93 1
7.265 1
7.3 1
6.098 -1
7.747 1
3.667 -1
5.99 -1
7.79 1
6.59 1
6.468 -1
4.863 -1
5.957 -1
4.695 -1
6.702 -1
8.03 1
6.309 -1
4.493 -1
7.85 1
7.34 1
7.223 1
6.69 -1
7.45 1
6.442 1
8.015 1
6.803 1
7.413 1
7.79 1
6.925 1
7.563 1
5.537 -1
7.418 1
5.26 -1
5.793 1
2.52 0
1.98 0
6.24 -1
2.78 -1
3.225 -1
6.682 1
6.501 -1
5.637 -1
6.95 1
7.245 1
6.96 1
6.247 -1
7.34 1
3.738 -1
7.323 1
7.79 1
7.57 1
5.248 -1
7.36 1
5.197 -1
7.84 1
5.037 -1
7.016 1
7.19 1
5 -1
998967483 1
